1504814028400005394506; ../../ALL_tsp/rd100.tsp; OpenMP; 1; 40.882080; 40.350586; 0.488281; 0.411133; 101; 8262.110329; 7910.396210;
15048140284000053205960; ../../ALL_tsp/rd100.tsp; OpenMPStatic; 1; 40.713867; 40.117188; 0.513672; 0.412109; 101; 8262.110329; 7910.396210;
15048140284000053312624; ../../ALL_tsp/rd100.tsp; OpenMPDynamic; 1; 41.021973; 40.418213; 0.516602; 0.416016; 101; 8262.110329; 7910.396210;
15048140284000053402861; ../../ALL_tsp/rd100.tsp; OpenMP; 2; 21.076172; 20.307617; 0.732178; 0.450684; 101; 8262.110329; 7910.396210;
15048140286000053503108; ../../ALL_tsp/rd100.tsp; OpenMPStatic; 2; 30.723877; 29.976807; 0.591553; 0.443848; 101; 8262.110329; 7910.396210;
15048140284000053594844; ../../ALL_tsp/rd100.tsp; OpenMPDynamic; 2; 23.031006; 22.041260; 0.781006; 0.453125; 101; 8262.110329; 7910.396210;
15048140285000053679676; ../../ALL_tsp/rd100.tsp; OpenMP; 4; 11.240967; 10.440674; 0.770752; 0.458252; 101; 8262.110329; 7910.396210;
15048140287000053767580; ../../ALL_tsp/rd100.tsp; OpenMPStatic; 4; 18.698975; 17.834717; 0.608398; 0.461914; 101; 8262.110329; 7910.396210;
15048140285000053849221; ../../ALL_tsp/rd100.tsp; OpenMPDynamic; 4; 12.618896; 11.299805; 1.021729; 0.460205; 101; 8262.110329; 7910.396210;
15048140289000053927651; ../../ALL_tsp/rd100.tsp; OpenMP; 8; 6.675781; 5.570801; 1.032471; 0.464355; 101; 8262.110329; 7910.396210;
1504814029130000539965; ../../ALL_tsp/rd100.tsp; OpenMPStatic; 8; 11.139160; 10.251221; 0.600830; 0.470947; 101; 8262.110329; 7910.396210;
1504814029700009390893; ../../ALL_tsp/rd100.tsp; OpenMPDynamic; 8; 8.093994; 6.476318; 1.392822; 0.439941; 96; 8390.016378; 7910.396210;
1504814029191000093352052; ../../ALL_tsp/rd100.tsp; OpenMP; 16; 129.281982; 1.324707; 127.929932; 0.226807; 96; 8390.016378; 7910.396210;
150481402936000093423886; ../../ALL_tsp/rd100.tsp; OpenMPStatic; 16; 10.358887; 2.503906; 7.668213; 0.215820; 96; 8390.016378; 7910.396210;
1504814029135000093574430; ../../ALL_tsp/rd100.tsp; OpenMPDynamic; 16; 67.832031; 36.041748; 31.531250; 0.303223; 96; 8390.016378; 7910.396210;
15048140294000093665252; ../../ALL_tsp/rd100.tsp; OpenMP; 1; 35.425049; 35.012451; 0.384521; 0.329590; 96; 8390.016378; 7910.396210;
15048140294000093757928; ../../ALL_tsp/rd100.tsp; OpenMPStatic; 1; 38.893066; 38.337891; 0.486572; 0.396484; 96; 8390.016378; 7910.396210;
15048140294000093861552; ../../ALL_tsp/rd100.tsp; OpenMPDynamic; 1; 39.290039; 38.737305; 0.480225; 0.378906; 96; 8390.016378; 7910.396210;
15048140294000093947095; ../../ALL_tsp/rd100.tsp; OpenMP; 2; 19.997070; 19.306396; 0.658447; 0.419189; 96; 8390.016378; 7910.396210;
1504814030600003647037; ../../ALL_tsp/rd100.tsp; OpenMPStatic; 2; 30.723145; 29.985352; 0.567139; 0.424805; 101; 8511.244372; 7910.396210;
15048140305000036135491; ../../ALL_tsp/rd100.tsp; OpenMPDynamic; 2; 22.740967; 21.772461; 0.769287; 0.453857; 101; 8511.244372; 7910.396210;
15048140305000036213463; ../../ALL_tsp/rd100.tsp; OpenMP; 4; 11.588867; 10.747803; 0.811035; 0.461426; 101; 8511.244372; 7910.396210;
15048140307000036298805; ../../ALL_tsp/rd100.tsp; OpenMPStatic; 4; 18.600830; 17.807373; 0.590576; 0.444824; 101; 8511.244372; 7910.396210;
15048140305000036379581; ../../ALL_tsp/rd100.tsp; OpenMPDynamic; 4; 12.274170; 11.102783; 0.946533; 0.449219; 101; 8511.244372; 7910.396210;
15048140306000036453880; ../../ALL_tsp/rd100.tsp; OpenMP; 8; 6.703857; 5.618896; 1.049072; 0.465576; 101; 8511.244372; 7910.396210;
150481403017000036550176; ../../ALL_tsp/rd100.tsp; OpenMPStatic; 8; 15.324951; 10.329102; 4.688477; 0.464600; 101; 8511.244372; 7910.396210;
15048140307000036627793; ../../ALL_tsp/rd100.tsp; OpenMPDynamic; 8; 8.190918; 6.441895; 1.430176; 0.457275; 101; 8511.244372; 7910.396210;
150481403067000036743613; ../../ALL_tsp/rd100.tsp; OpenMP; 16; 33.862061; 2.920654; 30.900391; 0.452881; 101; 8511.244372; 7910.396210;
150481403098000036897423; ../../ALL_tsp/rd100.tsp; OpenMPStatic; 16; 47.661133; 5.761475; 41.601562; 0.474121; 101; 8511.244372; 7910.396210;
15048140314700003641730; ../../ALL_tsp/rd100.tsp; OpenMPDynamic; 16; 6.835938; 4.148926; 2.343018; 0.459961; 101; 8511.244372; 7910.396210;
15048140314000078173454; ../../ALL_tsp/rd100.tsp; OpenMP; 1; 44.194824; 43.560303; 0.598389; 0.503906; 110; 8583.284386; 7910.396210;
15048140315000078288327; ../../ALL_tsp/rd100.tsp; OpenMPStatic; 1; 44.393799; 43.714111; 0.585693; 0.476074; 110; 8583.284386; 7910.396210;
15048140315000078416820; ../../ALL_tsp/rd100.tsp; OpenMPDynamic; 1; 44.808105; 44.152588; 0.562744; 0.457764; 110; 8583.284386; 7910.396210;
15048140315000078508036; ../../ALL_tsp/rd100.tsp; OpenMP; 2; 22.933838; 22.118896; 0.778076; 0.504395; 110; 8583.284386; 7910.396210;
15048140317000078608924; ../../ALL_tsp/rd100.tsp; OpenMPStatic; 2; 33.794922; 32.950195; 0.658691; 0.500732; 110; 8583.284386; 7910.396210;
15048140315000078700960; ../../ALL_tsp/rd100.tsp; OpenMPDynamic; 2; 24.670898; 23.596191; 0.848877; 0.514404; 110; 8583.284386; 7910.396210;
15048140315000078782608; ../../ALL_tsp/rd100.tsp; OpenMP; 4; 12.309814; 11.364502; 0.917969; 0.525391; 110; 8583.284386; 7910.396210;
15048140318000078872133; ../../ALL_tsp/rd100.tsp; OpenMPStatic; 4; 20.282959; 19.374023; 0.656982; 0.509277; 110; 8583.284386; 7910.396210;
15048140316000078961639; ../../ALL_tsp/rd100.tsp; OpenMPDynamic; 4; 13.944824; 12.526855; 1.108398; 0.507568; 110; 8583.284386; 7910.396210;
1504814032600003638174; ../../ALL_tsp/rd100.tsp; OpenMP; 8; 6.866211; 5.634033; 1.182129; 0.464600; 102; 8593.867005; 7910.396210;
150481403210000036118214; ../../ALL_tsp/rd100.tsp; OpenMPStatic; 8; 11.253174; 10.285400; 0.631104; 0.475098; 102; 8593.867005; 7910.396210;
15048140327000036197169; ../../ALL_tsp/rd100.tsp; OpenMPDynamic; 8; 8.384033; 6.666992; 1.430420; 0.473389; 102; 8593.867005; 7910.396210;
1504814032111000036345531; ../../ALL_tsp/rd100.tsp; OpenMP; 16; 58.738037; 2.948242; 55.736816; 0.460938; 102; 8593.867005; 7910.396210;
1504814032208000036620503; ../../ALL_tsp/rd100.tsp; OpenMPStatic; 16; 180.783936; 3.013428; 177.539795; 0.293213; 102; 8593.867005; 7910.396210;
150481403225000036681392; ../../ALL_tsp/rd100.tsp; OpenMPDynamic; 16; 6.947998; 5.486816; 1.274170; 0.217041; 102; 8593.867005; 7910.396210;
15048140323000036755722; ../../ALL_tsp/rd100.tsp; OpenMP; 1; 30.780029; 30.392822; 0.360352; 0.312500; 102; 8593.867005; 7910.396210;
15048140323000036836362; ../../ALL_tsp/rd100.tsp; OpenMPStatic; 1; 31.356201; 30.927734; 0.374756; 0.308594; 102; 8593.867005; 7910.396210;
15048140324000036942129; ../../ALL_tsp/rd100.tsp; OpenMPDynamic; 1; 41.381836; 40.761230; 0.526611; 0.431641; 102; 8593.867005; 7910.396210;
1504814033400005232500; ../../ALL_tsp/rd100.tsp; OpenMP; 2; 21.018066; 20.303223; 0.680908; 0.460938; 101; 8651.936995; 7910.396210;
15048140336000052130332; ../../ALL_tsp/rd100.tsp; OpenMPStatic; 2; 30.755127; 29.978271; 0.610352; 0.470947; 101; 8651.936995; 7910.396210;
15048140335000052220115; ../../ALL_tsp/rd100.tsp; OpenMPDynamic; 2; 23.003906; 21.990723; 0.804932; 0.519043; 101; 8651.936995; 7910.396210;
15048140335000052299135; ../../ALL_tsp/rd100.tsp; OpenMP; 4; 11.280029; 10.425293; 0.805908; 0.470947; 101; 8651.936995; 7910.396210;
15048140338000052384464; ../../ALL_tsp/rd100.tsp; OpenMPStatic; 4; 18.668213; 17.858887; 0.596436; 0.461182; 101; 8651.936995; 7910.396210;
15048140335000052470781; ../../ALL_tsp/rd100.tsp; OpenMPDynamic; 4; 12.679932; 11.477051; 0.968750; 0.448242; 101; 8651.936995; 7910.396210;
15048140339000052550619; ../../ALL_tsp/rd100.tsp; OpenMP; 8; 6.736816; 5.611572; 1.087646; 0.473389; 101; 8651.936995; 7910.396210;
150481403314000052638105; ../../ALL_tsp/rd100.tsp; OpenMPStatic; 8; 11.238037; 10.373047; 0.622803; 0.465820; 101; 8651.936995; 7910.396210;
150481403310000052718784; ../../ALL_tsp/rd100.tsp; OpenMPDynamic; 8; 8.762939; 6.943115; 1.498535; 0.461914; 101; 8651.936995; 7910.396210;
1504814033219000052982639; ../../ALL_tsp/rd100.tsp; OpenMP; 16; 145.795898; 1.422852; 144.344238; 0.248535; 101; 8651.936995; 7910.396210;
15048140344300007957331; ../../ALL_tsp/rd100.tsp; OpenMPStatic; 16; 17.922119; 2.885010; 14.821045; 0.250000; 110; 8380.795220; 7910.396210;
150481403433000079124631; ../../ALL_tsp/rd100.tsp; OpenMPDynamic; 16; 8.082031; 6.183105; 1.632568; 0.300049; 110; 8380.795220; 7910.396210;
15048140343000079204039; ../../ALL_tsp/rd100.tsp; OpenMP; 1; 29.404053; 29.025146; 0.351562; 0.302979; 110; 8380.795220; 7910.396210;
15048140345000079318316; ../../ALL_tsp/rd100.tsp; OpenMPStatic; 1; 44.301025; 43.669189; 0.550049; 0.447266; 110; 8380.795220; 7910.396210;
15048140344000079431631; ../../ALL_tsp/rd100.tsp; OpenMPDynamic; 1; 44.543213; 43.891602; 0.560547; 0.449219; 110; 8380.795220; 7910.396210;
15048140344000079520890; ../../ALL_tsp/rd100.tsp; OpenMP; 2; 22.911865; 22.144043; 0.734863; 0.500000; 110; 8380.795220; 7910.396210;
15048140347000079630913; ../../ALL_tsp/rd100.tsp; OpenMPStatic; 2; 33.516846; 32.679443; 0.653076; 0.482666; 110; 8380.795220; 7910.396210;
15048140345000079750140; ../../ALL_tsp/rd100.tsp; OpenMPDynamic; 2; 24.683838; 23.619385; 0.840332; 0.492188; 110; 8380.795220; 7910.396210;
15048140345000079832801; ../../ALL_tsp/rd100.tsp; OpenMP; 4; 12.249023; 11.317383; 0.897949; 0.490479; 110; 8380.795220; 7910.396210;
15048140348000079924461; ../../ALL_tsp/rd100.tsp; OpenMPStatic; 4; 20.298828; 19.380127; 0.639404; 0.491455; 110; 8380.795220; 7910.396210;
1504814035500007629524; ../../ALL_tsp/rd100.tsp; OpenMPDynamic; 4; 13.170898; 11.945068; 0.978027; 0.452148; 108; 8154.804945; 7910.396210;
150481403594000076252102; ../../ALL_tsp/rd100.tsp; OpenMP; 8; 129.348145; 5.973877; 123.326172; 0.493652; 108; 8154.804945; 7910.396210;
150481403521000076357327; ../../ALL_tsp/rd100.tsp; OpenMPStatic; 8; 14.489014; 10.985840; 3.200195; 0.489502; 108; 8154.804945; 7910.396210;
15048140358000076438672; ../../ALL_tsp/rd100.tsp; OpenMPDynamic; 8; 8.930176; 7.042725; 1.549316; 0.478027; 108; 8154.804945; 7910.396210;
1504814035262000076713869; ../../ALL_tsp/rd100.tsp; OpenMP; 16; 175.038818; 2.703125; 172.271973; 0.408447; 108; 8154.804945; 7910.396210;
1504814035122000076850236; ../../ALL_tsp/rd100.tsp; OpenMPStatic; 16; 76.830078; 3.179932; 73.407227; 0.301514; 108; 8154.804945; 7910.396210;
150481403590000076977567; ../../ALL_tsp/rd100.tsp; OpenMPDynamic; 16; 20.057861; 17.175049; 2.601074; 0.291016; 108; 8154.804945; 7910.396210;
1504814036400003197991; ../../ALL_tsp/rd100.tsp; OpenMP; 1; 35.563965; 35.106689; 0.427246; 0.368896; 107; 8564.018726; 7910.396210;
15048140364000031253528; ../../ALL_tsp/rd100.tsp; OpenMPStatic; 1; 43.421143; 42.794678; 0.550293; 0.455078; 107; 8564.018726; 7910.396210;
15048140364000031364292; ../../ALL_tsp/rd100.tsp; OpenMPDynamic; 1; 43.885010; 43.238037; 0.552490; 0.449463; 107; 8564.018726; 7910.396210;
15048140365000031453113; ../../ALL_tsp/rd100.tsp; OpenMP; 2; 22.313965; 21.501953; 0.779297; 0.484375; 107; 8564.018726; 7910.396210;
15048140366000031553618; ../../ALL_tsp/rd100.tsp; OpenMPStatic; 2; 32.533936; 31.719238; 0.646973; 0.487549; 107; 8564.018726; 7910.396210;
15048140365000031672735; ../../ALL_tsp/rd100.tsp; OpenMPDynamic; 2; 23.956787; 22.905518; 0.840088; 0.491943; 107; 8564.018726; 7910.396210;
15048140365000031782213; ../../ALL_tsp/rd100.tsp; OpenMP; 4; 11.955811; 10.996826; 0.902344; 0.497559; 107; 8564.018726; 7910.396210;
15048140368000031895120; ../../ALL_tsp/rd100.tsp; OpenMPStatic; 4; 19.715088; 18.887939; 0.625000; 0.461670; 107; 8564.018726; 7910.396210;
15048140365000031974869; ../../ALL_tsp/rd100.tsp; OpenMPDynamic; 4; 13.666016; 12.277832; 1.068848; 0.499023; 107; 8564.018726; 7910.396210;
1504814037900006255725; ../../ALL_tsp/rd100.tsp; OpenMP; 8; 7.027100; 5.870850; 1.125977; 0.484375; 106; 8587.689286; 7910.396210;
150481403720000062159628; ../../ALL_tsp/rd100.tsp; OpenMPStatic; 8; 18.843994; 10.677246; 7.854004; 0.485596; 106; 8587.689286; 7910.396210;
150481403744000062292476; ../../ALL_tsp/rd100.tsp; OpenMPDynamic; 8; 51.838135; 35.898926; 15.604492; 0.492920; 106; 8587.689286; 7910.396210;
150481403774000062422605; ../../ALL_tsp/rd100.tsp; OpenMP; 16; 32.863037; 3.094482; 29.721924; 0.483398; 106; 8587.689286; 7910.396210;
1504814037290000062704102; ../../ALL_tsp/rd100.tsp; OpenMPStatic; 16; 194.271973; 5.965332; 187.987305; 0.539551; 106; 8587.689286; 7910.396210;
150481403752000062785480; ../../ALL_tsp/rd100.tsp; OpenMPDynamic; 16; 24.979980; 12.544189; 12.235840; 0.228271; 106; 8587.689286; 7910.396210;
15048140373000062864469; ../../ALL_tsp/rd100.tsp; OpenMP; 1; 35.519043; 35.089355; 0.409912; 0.356689; 106; 8587.689286; 7910.396210;
15048140374000062970644; ../../ALL_tsp/rd100.tsp; OpenMPStatic; 1; 43.099121; 42.483154; 0.537842; 0.438232; 106; 8587.689286; 7910.396210;
1504814038400003878989; ../../ALL_tsp/rd100.tsp; OpenMPDynamic; 1; 42.066895; 41.460205; 0.530273; 0.432861; 104; 8609.557378; 7910.396210;
15048140384000038169627; ../../ALL_tsp/rd100.tsp; OpenMP; 2; 21.604980; 20.863037; 0.713623; 0.462158; 104; 8609.557378; 7910.396210;
15048140387000038268943; ../../ALL_tsp/rd100.tsp; OpenMPStatic; 2; 31.572998; 30.783447; 0.604248; 0.454834; 104; 8609.557378; 7910.396210;
15048140385000038360498; ../../ALL_tsp/rd100.tsp; OpenMPDynamic; 2; 23.383057; 22.403076; 0.781982; 0.458008; 104; 8609.557378; 7910.396210;
15048140385000038439318; ../../ALL_tsp/rd100.tsp; OpenMP; 4; 11.567871; 10.663086; 0.851074; 0.479248; 104; 8609.557378; 7910.396210;
15048140388000038524430; ../../ALL_tsp/rd100.tsp; OpenMPStatic; 4; 19.150879; 18.302002; 0.595703; 0.471191; 104; 8609.557378; 7910.396210;
15048140385000038608061; ../../ALL_tsp/rd100.tsp; OpenMPDynamic; 4; 13.010010; 11.662109; 1.040283; 0.465820; 104; 8609.557378; 7910.396210;
15048140386000038685620; ../../ALL_tsp/rd100.tsp; OpenMP; 8; 6.884033; 5.776855; 1.052002; 0.486084; 104; 8609.557378; 7910.396210;
150481403812000038770295; ../../ALL_tsp/rd100.tsp; OpenMPStatic; 8; 11.423828; 10.487061; 0.628906; 0.497070; 104; 8609.557378; 7910.396210;
15048140387000038845828; ../../ALL_tsp/rd100.tsp; OpenMPDynamic; 8; 8.446777; 6.723877; 1.462402; 0.479736; 104; 8609.557378; 7910.396210;
150481403918900003855005; ../../ALL_tsp/rd100.tsp; OpenMP; 16; 107.155762; 2.990967; 104.119141; 0.480469; 104; 8609.557378; 7910.396210;
150481403996000050216978; ../../ALL_tsp/rd100.tsp; OpenMPStatic; 16; 40.134033; 6.192627; 33.630127; 0.472656; 105; 8751.002260; 7910.396210;
150481403951000050328931; ../../ALL_tsp/rd100.tsp; OpenMPDynamic; 16; 17.959961; 15.226807; 2.337158; 0.459473; 105; 8751.002260; 7910.396210;
15048140394000050436901; ../../ALL_tsp/rd100.tsp; OpenMP; 1; 42.187988; 41.652344; 0.500244; 0.424316; 105; 8751.002260; 7910.396210;
15048140394000050544006; ../../ALL_tsp/rd100.tsp; OpenMPStatic; 1; 42.395020; 41.802002; 0.516602; 0.424561; 105; 8751.002260; 7910.396210;
15048140394000050651664; ../../ALL_tsp/rd100.tsp; OpenMPDynamic; 1; 42.433105; 41.839355; 0.513184; 0.412109; 105; 8751.002260; 7910.396210;
15048140394000050742052; ../../ALL_tsp/rd100.tsp; OpenMP; 2; 21.825928; 21.082520; 0.712402; 0.457520; 105; 8751.002260; 7910.396210;
15048140396000050838392; ../../ALL_tsp/rd100.tsp; OpenMPStatic; 2; 32.207031; 31.430908; 0.596680; 0.444824; 105; 8751.002260; 7910.396210;
15048140394000050930433; ../../ALL_tsp/rd100.tsp; OpenMPDynamic; 2; 23.502197; 22.527344; 0.755127; 0.446289; 105; 8751.002260; 7910.396210;
150481404040000508558; ../../ALL_tsp/rd100.tsp; OpenMP; 4; 11.574219; 10.797852; 0.746338; 0.450195; 105; 8751.002260; 7910.396210;
1504814040800001994668; ../../ALL_tsp/rd100.tsp; OpenMPStatic; 4; 18.739990; 17.883301; 0.585205; 0.460449; 100; 8452.603093; 7910.396210;
15048140405000019176360; ../../ALL_tsp/rd100.tsp; OpenMPDynamic; 4; 12.551025; 11.263184; 1.012451; 0.461670; 100; 8452.603093; 7910.396210;
15048140408000019255500; ../../ALL_tsp/rd100.tsp; OpenMP; 8; 6.693115; 5.572754; 1.056152; 0.474854; 100; 8452.603093; 7910.396210;
150481404013000019337183; ../../ALL_tsp/rd100.tsp; OpenMPStatic; 8; 11.404053; 10.503906; 0.604492; 0.476318; 100; 8452.603093; 7910.396210;
15048140408000019414048; ../../ALL_tsp/rd100.tsp; OpenMPDynamic; 8; 8.260010; 6.527588; 1.442871; 0.478271; 100; 8452.603093; 7910.396210;
1504814040160000019598968; ../../ALL_tsp/rd100.tsp; OpenMP; 16; 107.148926; 2.890137; 104.202881; 0.464355; 100; 8452.603093; 7910.396210;
150481404049000019705541; ../../ALL_tsp/rd100.tsp; OpenMPStatic; 16; 19.664062; 5.625244; 13.722168; 0.478760; 100; 8452.603093; 7910.396210;
150481404025000019795721; ../../ALL_tsp/rd100.tsp; OpenMPDynamic; 16; 9.859863; 7.175049; 2.342041; 0.492188; 100; 8452.603093; 7910.396210;
15048140404000019903784; ../../ALL_tsp/rd100.tsp; OpenMP; 1; 40.093994; 39.572266; 0.486816; 0.420166; 100; 8452.603093; 7910.396210;
1504814041400001910502; ../../ALL_tsp/rd100.tsp; OpenMPStatic; 1; 40.259033; 39.687500; 0.494141; 0.419922; 100; 8452.603093; 7910.396210;
15048140414000016117044; ../../ALL_tsp/rd100.tsp; OpenMPDynamic; 1; 41.983887; 41.366943; 0.530029; 0.433838; 102; 8606.315024; 7910.396210;
15048140414000016204475; ../../ALL_tsp/rd100.tsp; OpenMP; 2; 21.220215; 20.473389; 0.707764; 0.474609; 102; 8606.315024; 7910.396210;
15048140416000016303945; ../../ALL_tsp/rd100.tsp; OpenMPStatic; 2; 31.066162; 30.292725; 0.598389; 0.452881; 102; 8606.315024; 7910.396210;
15048140414000016393913; ../../ALL_tsp/rd100.tsp; OpenMPDynamic; 2; 22.866211; 21.889404; 0.756592; 0.452393; 102; 8606.315024; 7910.396210;
15048140415000016473922; ../../ALL_tsp/rd100.tsp; OpenMP; 4; 11.326172; 10.452637; 0.834717; 0.463623; 102; 8606.315024; 7910.396210;
15048140418000016561226; ../../ALL_tsp/rd100.tsp; OpenMPStatic; 4; 18.782959; 17.942871; 0.581299; 0.453613; 102; 8606.315024; 7910.396210;
15048140415000016646375; ../../ALL_tsp/rd100.tsp; OpenMPDynamic; 4; 12.742920; 11.471436; 0.991211; 0.457520; 102; 8606.315024; 7910.396210;
15048140417000016722549; ../../ALL_tsp/rd100.tsp; OpenMP; 8; 6.822021; 5.653076; 1.132812; 0.466064; 102; 8606.315024; 7910.396210;
150481404112000016806956; ../../ALL_tsp/rd100.tsp; OpenMPStatic; 8; 11.234131; 10.318115; 0.607178; 0.470459; 102; 8606.315024; 7910.396210;
150481404154000016955579; ../../ALL_tsp/rd100.tsp; OpenMPDynamic; 8; 61.900879; 38.468994; 23.104492; 0.485596; 102; 8606.315024; 7910.396210;
1504814042186000074190461; ../../ALL_tsp/rd100.tsp; OpenMP; 16; 118.708008; 3.087891; 115.574707; 0.485840; 107; 8415.814000; 7910.396210;
150481404252000074298972; ../../ALL_tsp/rd100.tsp; OpenMPStatic; 16; 24.252930; 6.023438; 17.859131; 0.482178; 107; 8415.814000; 7910.396210;
150481404247000074404041; ../../ALL_tsp/rd100.tsp; OpenMPDynamic; 16; 15.362061; 12.510010; 2.512451; 0.476807; 107; 8415.814000; 7910.396210;
15048140424000074512936; ../../ALL_tsp/rd100.tsp; OpenMP; 1; 42.877930; 42.330322; 0.509033; 0.434082; 107; 8415.814000; 7910.396210;
15048140424000074700597; ../../ALL_tsp/rd100.tsp; OpenMPStatic; 1; 43.060059; 42.461182; 0.523438; 0.435303; 107; 8415.814000; 7910.396210;
15048140424000074811316; ../../ALL_tsp/rd100.tsp; OpenMPDynamic; 1; 43.236816; 42.621338; 0.529053; 0.435303; 107; 8415.814000; 7910.396210;
15048140424000074900102; ../../ALL_tsp/rd100.tsp; OpenMP; 2; 22.237061; 21.456299; 0.746582; 0.471924; 107; 8415.814000; 7910.396210;
150481404360000743882; ../../ALL_tsp/rd100.tsp; OpenMPStatic; 2; 32.479004; 31.696777; 0.612793; 0.455566; 107; 8415.814000; 7910.396210;
1504814043500008696039; ../../ALL_tsp/rd100.tsp; OpenMPDynamic; 2; 24.683105; 23.674316; 0.811523; 0.483643; 109; 8305.015205; 7910.396210;
15048140435000086176512; ../../ALL_tsp/rd100.tsp; OpenMP; 4; 12.132080; 11.165039; 0.900879; 0.513672; 109; 8305.015205; 7910.396210;
15048140438000086268872; ../../ALL_tsp/rd100.tsp; OpenMPStatic; 4; 20.018066; 19.200928; 0.612305; 0.489258; 109; 8305.015205; 7910.396210;
15048140436000086353112; ../../ALL_tsp/rd100.tsp; OpenMPDynamic; 4; 13.569092; 12.198242; 1.073242; 0.490723; 109; 8305.015205; 7910.396210;
15048140437000086429046; ../../ALL_tsp/rd100.tsp; OpenMP; 8; 7.179932; 6.038574; 1.093018; 0.514160; 109; 8305.015205; 7910.396210;
150481404349000086563850; ../../ALL_tsp/rd100.tsp; OpenMPStatic; 8; 58.213135; 11.051270; 46.833008; 0.516846; 109; 8305.015205; 7910.396210;
150481404354000086707560; ../../ALL_tsp/rd100.tsp; OpenMPDynamic; 8; 65.883057; 36.952148; 28.593018; 0.509277; 109; 8305.015205; 7910.396210;
150481404320000086801579; ../../ALL_tsp/rd100.tsp; OpenMP; 16; 7.430176; 3.145508; 4.237549; 0.498047; 109; 8305.015205; 7910.396210;
150481404426200008685960; ../../ALL_tsp/rd100.tsp; OpenMPStatic; 16; 167.212891; 5.991699; 160.891357; 0.842041; 109; 8305.015205; 7910.396210;
150481404484000042198494; ../../ALL_tsp/rd100.tsp; OpenMPDynamic; 16; 36.064941; 21.665771; 14.194580; 0.247559; 109; 8607.120155; 7910.396210;
15048140443000042283888; ../../ALL_tsp/rd100.tsp; OpenMP; 1; 29.113037; 28.748047; 0.343750; 0.290039; 109; 8607.120155; 7910.396210;
15048140444000042383560; ../../ALL_tsp/rd100.tsp; OpenMPStatic; 1; 44.193115; 43.570068; 0.534668; 0.448730; 109; 8607.120155; 7910.396210;
15048140444000042497486; ../../ALL_tsp/rd100.tsp; OpenMPDynamic; 1; 44.375977; 43.750244; 0.538574; 0.441895; 109; 8607.120155; 7910.396210;
15048140445000042595368; ../../ALL_tsp/rd100.tsp; OpenMP; 2; 22.954834; 22.174072; 0.751953; 0.496338; 109; 8607.120155; 7910.396210;
15048140446000042702144; ../../ALL_tsp/rd100.tsp; OpenMPStatic; 2; 33.153076; 32.334717; 0.635986; 0.474609; 109; 8607.120155; 7910.396210;
15048140445000042792817; ../../ALL_tsp/rd100.tsp; OpenMPDynamic; 2; 24.442871; 23.395752; 0.825928; 0.489990; 109; 8607.120155; 7910.396210;
15048140445000042874121; ../../ALL_tsp/rd100.tsp; OpenMP; 4; 12.050049; 11.220947; 0.802979; 0.495605; 109; 8607.120155; 7910.396210;
15048140448000042959627; ../../ALL_tsp/rd100.tsp; OpenMPStatic; 4; 20.137939; 19.270996; 0.613281; 0.489746; 109; 8607.120155; 7910.396210;
1504814045500003339565; ../../ALL_tsp/rd100.tsp; OpenMPDynamic; 4; 12.196045; 11.018066; 0.949219; 0.457520; 100; 9220.931619; 7910.396210;
150481404536000033165274; ../../ALL_tsp/rd100.tsp; OpenMP; 8; 47.535889; 5.620850; 41.885010; 0.449951; 100; 9220.931619; 7910.396210;
150481404531000033296814; ../../ALL_tsp/rd100.tsp; OpenMPStatic; 8; 32.056885; 10.160889; 21.634277; 0.486328; 100; 9220.931619; 7910.396210;
150481404510000033377987; ../../ALL_tsp/rd100.tsp; OpenMPDynamic; 8; 8.031982; 6.357666; 1.370361; 0.461182; 100; 9220.931619; 7910.396210;
1504814045188000033598094; ../../ALL_tsp/rd100.tsp; OpenMP; 16; 118.289062; 1.396729; 116.851074; 0.246094; 100; 9220.931619; 7910.396210;
1504814045149000033757445; ../../ALL_tsp/rd100.tsp; OpenMPStatic; 16; 86.002197; 2.984619; 82.797852; 0.261475; 100; 9220.931619; 7910.396210;
150481404570000033860259; ../../ALL_tsp/rd100.tsp; OpenMPDynamic; 16; 35.837158; 16.111328; 19.485840; 0.288330; 100; 9220.931619; 7910.396210;
15048140453000033943933; ../../ALL_tsp/rd100.tsp; OpenMP; 1; 30.176025; 29.794189; 0.356445; 0.302490; 100; 9220.931619; 7910.396210;
1504814046400008649985; ../../ALL_tsp/rd100.tsp; OpenMPStatic; 1; 39.905029; 39.343506; 0.495361; 0.409668; 99; 8621.375454; 7910.396210;
15048140464000086158660; ../../ALL_tsp/rd100.tsp; OpenMPDynamic; 1; 39.980957; 39.409180; 0.496826; 0.412109; 99; 8621.375454; 7910.396210;
15048140464000086246000; ../../ALL_tsp/rd100.tsp; OpenMP; 2; 20.616943; 19.900146; 0.676758; 0.450195; 99; 8621.375454; 7910.396210;
15048140466000086342503; ../../ALL_tsp/rd100.tsp; OpenMPStatic; 2; 30.492920; 29.746338; 0.582031; 0.432617; 99; 8621.375454; 7910.396210;
15048140465000086435467; ../../ALL_tsp/rd100.tsp; OpenMPDynamic; 2; 22.182129; 21.207031; 0.780762; 0.456543; 99; 8621.375454; 7910.396210;
15048140465000086515539; ../../ALL_tsp/rd100.tsp; OpenMP; 4; 11.021973; 10.207031; 0.785645; 0.441162; 99; 8621.375454; 7910.396210;
15048140468000086602510; ../../ALL_tsp/rd100.tsp; OpenMPStatic; 4; 18.551025; 17.770752; 0.572510; 0.458496; 99; 8621.375454; 7910.396210;
15048140465000086683416; ../../ALL_tsp/rd100.tsp; OpenMPDynamic; 4; 12.294922; 11.062988; 0.967529; 0.459961; 99; 8621.375454; 7910.396210;
15048140466000086760972; ../../ALL_tsp/rd100.tsp; OpenMP; 8; 6.645020; 5.463867; 1.116455; 0.470947; 99; 8621.375454; 7910.396210;
150481404626000086867667; ../../ALL_tsp/rd100.tsp; OpenMPStatic; 8; 27.901123; 10.100830; 17.510498; 0.473633; 99; 8621.375454; 7910.396210;
15048140479100008669221; ../../ALL_tsp/rd100.tsp; OpenMPDynamic; 8; 101.407959; 57.029785; 44.018555; 0.492676; 99; 8621.375454; 7910.396210;
150481404744000027170767; ../../ALL_tsp/rd100.tsp; OpenMP; 16; 12.239014; 1.437256; 10.767578; 0.252197; 107; 8214.349994; 7910.396210;
1504814047159000027350054; ../../ALL_tsp/rd100.tsp; OpenMPStatic; 16; 98.427002; 4.524658; 93.562012; 0.398193; 107; 8214.349994; 7910.396210;
150481404770000027474940; ../../ALL_tsp/rd100.tsp; OpenMPDynamic; 16; 20.303955; 8.659424; 11.253906; 0.487793; 107; 8214.349994; 7910.396210;
15048140474000027586353; ../../ALL_tsp/rd100.tsp; OpenMP; 1; 43.227051; 42.685547; 0.508789; 0.436768; 107; 8214.349994; 7910.396210;
15048140474000027697069; ../../ALL_tsp/rd100.tsp; OpenMPStatic; 1; 43.042236; 42.429443; 0.523682; 0.420898; 107; 8214.349994; 7910.396210;
15048140474000027812158; ../../ALL_tsp/rd100.tsp; OpenMPDynamic; 1; 43.253906; 42.625244; 0.548828; 0.437988; 107; 8214.349994; 7910.396210;
15048140475000027903244; ../../ALL_tsp/rd100.tsp; OpenMP; 2; 22.226807; 21.472168; 0.715576; 0.465088; 107; 8214.349994; 7910.396210;
150481404870000277234; ../../ALL_tsp/rd100.tsp; OpenMPStatic; 2; 32.519775; 31.711182; 0.631104; 0.458008; 107; 8214.349994; 7910.396210;
1504814048400002598289; ../../ALL_tsp/rd100.tsp; OpenMPDynamic; 2; 20.973145; 20.067139; 0.716553; 0.410645; 92; 8515.552733; 7910.396210;
15048140484000025184622; ../../ALL_tsp/rd100.tsp; OpenMP; 4; 10.211182; 9.453857; 0.729736; 0.414551; 92; 8515.552733; 7910.396210;
15048140487000025269222; ../../ALL_tsp/rd100.tsp; OpenMPStatic; 4; 16.933838; 16.206543; 0.532471; 0.414307; 92; 8515.552733; 7910.396210;
15048140485000025351172; ../../ALL_tsp/rd100.tsp; OpenMPDynamic; 4; 11.174805; 10.132324; 0.842773; 0.408203; 92; 8515.552733; 7910.396210;
150481404832000025469625; ../../ALL_tsp/rd100.tsp; OpenMP; 8; 38.844971; 5.112549; 33.703369; 0.417725; 92; 8515.552733; 7910.396210;
150481404845000025604846; ../../ALL_tsp/rd100.tsp; OpenMPStatic; 8; 47.075928; 9.412354; 37.381836; 0.422852; 92; 8515.552733; 7910.396210;
15048140487000025678986; ../../ALL_tsp/rd100.tsp; OpenMPDynamic; 8; 7.587158; 5.949463; 1.343018; 0.415527; 92; 8515.552733; 7910.396210;
1504814048239000025982410; ../../ALL_tsp/rd100.tsp; OpenMP; 16; 164.492920; 1.298096; 163.133789; 0.220215; 92; 8515.552733; 7910.396210;
15048140495700006976293; ../../ALL_tsp/rd100.tsp; OpenMPStatic; 16; 7.818848; 2.804443; 4.821533; 0.247803; 106; 8501.132853; 7910.396210;
150481404942000069169177; ../../ALL_tsp/rd100.tsp; OpenMPDynamic; 16; 5.594971; 3.687744; 1.691895; 0.295410; 106; 8501.132853; 7910.396210;
15048140494000069263060; ../../ALL_tsp/rd100.tsp; OpenMP; 1; 42.676025; 42.123535; 0.515869; 0.441406; 106; 8501.132853; 7910.396210;
15048140494000069369548; ../../ALL_tsp/rd100.tsp; OpenMPStatic; 1; 43.164062; 42.541504; 0.536377; 0.441650; 106; 8501.132853; 7910.396210;
15048140494000069478046; ../../ALL_tsp/rd100.tsp; OpenMPDynamic; 1; 43.206787; 42.578125; 0.534668; 0.445557; 106; 8501.132853; 7910.396210;
15048140494000069566929; ../../ALL_tsp/rd100.tsp; OpenMP; 2; 22.102051; 21.327393; 0.736816; 0.483154; 106; 8501.132853; 7910.396210;
15048140497000069669512; ../../ALL_tsp/rd100.tsp; OpenMPStatic; 2; 32.224854; 31.429443; 0.616943; 0.459961; 106; 8501.132853; 7910.396210;
15048140495000069760358; ../../ALL_tsp/rd100.tsp; OpenMPDynamic; 2; 23.840820; 22.823730; 0.804932; 0.463135; 106; 8501.132853; 7910.396210;
15048140495000069848680; ../../ALL_tsp/rd100.tsp; OpenMP; 4; 11.823975; 10.900146; 0.899902; 0.466064; 106; 8501.132853; 7910.396210;
15048140498000069945655; ../../ALL_tsp/rd100.tsp; OpenMPStatic; 4; 19.558105; 18.660156; 0.625000; 0.477539; 106; 8501.132853; 7910.396210;
1504814050500008836594; ../../ALL_tsp/rd100.tsp; OpenMPDynamic; 4; 12.662109; 11.383057; 1.013916; 0.470215; 102; 8280.068730; 7910.396210;
15048140509000088114564; ../../ALL_tsp/rd100.tsp; OpenMP; 8; 6.773926; 5.650879; 1.067627; 0.478760; 102; 8280.068730; 7910.396210;
150481405066000088276616; ../../ALL_tsp/rd100.tsp; OpenMPStatic; 8; 81.816895; 10.345947; 71.160889; 0.481934; 102; 8280.068730; 7910.396210;
150481405015000088374493; ../../ALL_tsp/rd100.tsp; OpenMPDynamic; 8; 11.717041; 10.010498; 1.387207; 0.474365; 102; 8280.068730; 7910.396210;
1504814050213000088664031; ../../ALL_tsp/rd100.tsp; OpenMP; 16; 167.285889; 1.397949; 165.819336; 0.249268; 102; 8280.068730; 7910.396210;
150481405019000088724410; ../../ALL_tsp/rd100.tsp; OpenMPStatic; 16; 3.905029; 3.174805; 0.501221; 0.277344; 102; 8280.068730; 7910.396210;
150481405027000088798218; ../../ALL_tsp/rd100.tsp; OpenMPDynamic; 16; 9.156982; 7.360352; 1.528320; 0.277344; 102; 8280.068730; 7910.396210;
15048140504000088904806; ../../ALL_tsp/rd100.tsp; OpenMP; 1; 40.908936; 40.359375; 0.500488; 0.420410; 102; 8280.068730; 7910.396210;
1504814051400008823435; ../../ALL_tsp/rd100.tsp; OpenMPStatic; 1; 41.077148; 40.482910; 0.519775; 0.419434; 102; 8280.068730; 7910.396210;
15048140514000011133442; ../../ALL_tsp/rd100.tsp; OpenMPDynamic; 1; 40.539795; 39.940918; 0.499268; 0.399170; 100; 8545.750073; 7910.396210;
15048140514000011225497; ../../ALL_tsp/rd100.tsp; OpenMP; 2; 22.484131; 21.781494; 0.661865; 0.446777; 100; 8545.750073; 7910.396210;
15048140516000011326872; ../../ALL_tsp/rd100.tsp; OpenMPStatic; 2; 30.394043; 29.648193; 0.580811; 0.433594; 100; 8545.750073; 7910.396210;
15048140515000011429940; ../../ALL_tsp/rd100.tsp; OpenMPDynamic; 2; 22.469971; 21.525635; 0.747559; 0.438965; 100; 8545.750073; 7910.396210;
15048140515000011518899; ../../ALL_tsp/rd100.tsp; OpenMP; 4; 11.179932; 10.337158; 0.812988; 0.440430; 100; 8545.750073; 7910.396210;
15048140517000011605484; ../../ALL_tsp/rd100.tsp; OpenMPStatic; 4; 18.403809; 17.620117; 0.573975; 0.450195; 100; 8545.750073; 7910.396210;
15048140515000011692727; ../../ALL_tsp/rd100.tsp; OpenMPDynamic; 4; 12.120117; 10.975586; 0.916260; 0.437012; 100; 8545.750073; 7910.396210;
150481405110000011776395; ../../ALL_tsp/rd100.tsp; OpenMP; 8; 6.626953; 5.598145; 0.965088; 0.455811; 100; 8545.750073; 7910.396210;
15048140519000011857700; ../../ALL_tsp/rd100.tsp; OpenMPStatic; 8; 11.009033; 10.154053; 0.589600; 0.445068; 100; 8545.750073; 7910.396210;
150481405132000011976229; ../../ALL_tsp/rd100.tsp; OpenMPDynamic; 8; 36.497070; 24.950684; 11.245850; 0.441895; 100; 8545.750073; 7910.396210;
1504814052158000047173125; ../../ALL_tsp/rd100.tsp; OpenMP; 16; 79.407959; 3.021973; 76.345947; 0.482178; 104; 8630.157735; 7910.396210;
150481405260000047299760; ../../ALL_tsp/rd100.tsp; OpenMPStatic; 16; 11.906006; 5.815186; 5.746338; 0.493164; 104; 8630.157735; 7910.396210;
150481405269000047415781; ../../ALL_tsp/rd100.tsp; OpenMPDynamic; 16; 36.068115; 14.443604; 21.269043; 0.492188; 104; 8630.157735; 7910.396210;
15048140524000047527238; ../../ALL_tsp/rd100.tsp; OpenMP; 1; 41.924072; 41.367432; 0.521729; 0.453613; 104; 8630.157735; 7910.396210;
15048140524000047636174; ../../ALL_tsp/rd100.tsp; OpenMPStatic; 1; 41.942139; 41.343262; 0.517578; 0.428711; 104; 8630.157735; 7910.396210;
15048140524000047747362; ../../ALL_tsp/rd100.tsp; OpenMPDynamic; 1; 42.623047; 42.007324; 0.530762; 0.437500; 104; 8630.157735; 7910.396210;
15048140525000047844324; ../../ALL_tsp/rd100.tsp; OpenMP; 2; 21.987061; 21.239258; 0.708984; 0.479004; 104; 8630.157735; 7910.396210;
15048140526000047953231; ../../ALL_tsp/rd100.tsp; OpenMPStatic; 2; 31.668945; 30.883057; 0.618164; 0.467041; 104; 8630.157735; 7910.396210;
1504814053500002144410; ../../ALL_tsp/rd100.tsp; OpenMPDynamic; 2; 24.376953; 23.329834; 0.841309; 0.483154; 109; 8320.625765; 7910.396210;
15048140535000021122777; ../../ALL_tsp/rd100.tsp; OpenMP; 4; 12.141113; 11.213623; 0.893311; 0.473877; 109; 8320.625765; 7910.396210;
15048140538000021211104; ../../ALL_tsp/rd100.tsp; OpenMPStatic; 4; 20.355957; 19.508057; 0.626709; 0.488281; 109; 8320.625765; 7910.396210;
15048140535000021293402; ../../ALL_tsp/rd100.tsp; OpenMPDynamic; 4; 13.238037; 12.001709; 0.980225; 0.466797; 109; 8320.625765; 7910.396210;
15048140537000021371303; ../../ALL_tsp/rd100.tsp; OpenMP; 8; 7.356934; 6.071045; 1.260986; 0.493896; 109; 8320.625765; 7910.396210;
150481405313000021456050; ../../ALL_tsp/rd100.tsp; OpenMPStatic; 8; 12.071045; 11.075684; 0.676025; 0.480225; 109; 8320.625765; 7910.396210;
150481405340000021579018; ../../ALL_tsp/rd100.tsp; OpenMPDynamic; 8; 43.227051; 30.484131; 12.434570; 0.488525; 109; 8320.625765; 7910.396210;
150481405352000021684597; ../../ALL_tsp/rd100.tsp; OpenMP; 16; 15.777832; 3.141846; 12.587402; 0.495850; 109; 8320.625765; 7910.396210;
150481405378000021809865; ../../ALL_tsp/rd100.tsp; OpenMPStatic; 16; 39.070068; 6.119141; 32.589600; 0.507568; 109; 8320.625765; 7910.396210;
150481405339000021907224; ../../ALL_tsp/rd100.tsp; OpenMPDynamic; 16; 10.382080; 7.545410; 2.472168; 0.485352; 109; 8320.625765; 7910.396210;
1504814054500002118723; ../../ALL_tsp/rd100.tsp; OpenMP; 1; 44.641846; 44.086426; 0.520020; 0.439453; 109; 8320.625765; 7910.396210;
1504814054400004132250; ../../ALL_tsp/rd100.tsp; OpenMPStatic; 1; 43.867920; 43.244873; 0.554932; 0.455322; 109; 8356.412576; 7910.396210;
1504814054400004242212; ../../ALL_tsp/rd100.tsp; OpenMPDynamic; 1; 44.406982; 43.769043; 0.569580; 0.457520; 109; 8356.412576; 7910.396210;
1504814054500004332599; ../../ALL_tsp/rd100.tsp; OpenMP; 2; 24.180176; 23.403076; 0.739746; 0.520264; 109; 8356.412576; 7910.396210;
1504814054700004431453; ../../ALL_tsp/rd100.tsp; OpenMPStatic; 2; 33.133789; 32.313721; 0.656982; 0.498779; 109; 8356.412576; 7910.396210;
1504814054500004522856; ../../ALL_tsp/rd100.tsp; OpenMPDynamic; 2; 24.409912; 23.363770; 0.830322; 0.501465; 109; 8356.412576; 7910.396210;
1504814054500004601156; ../../ALL_tsp/rd100.tsp; OpenMP; 4; 12.143066; 11.234863; 0.885254; 0.499512; 109; 8356.412576; 7910.396210;
1504814054800004687582; ../../ALL_tsp/rd100.tsp; OpenMPStatic; 4; 20.131104; 19.203125; 0.655029; 0.501953; 109; 8356.412576; 7910.396210;
1504814054600004767120; ../../ALL_tsp/rd100.tsp; OpenMPDynamic; 4; 13.225830; 11.958984; 1.006104; 0.505615; 109; 8356.412576; 7910.396210;
1504814054700004842675; ../../ALL_tsp/rd100.tsp; OpenMP; 8; 7.795166; 6.443604; 1.314453; 0.523193; 109; 8356.412576; 7910.396210;
15048140541100004924924; ../../ALL_tsp/rd100.tsp; OpenMPStatic; 8; 12.079102; 11.062744; 0.670898; 0.512451; 109; 8356.412576; 7910.396210;
150481405510000045787; ../../ALL_tsp/rd100.tsp; OpenMPDynamic; 8; 8.854004; 6.972900; 1.538818; 0.533936; 109; 8356.412576; 7910.396210;
1504814055260000046275976; ../../ALL_tsp/rd100.tsp; OpenMP; 16; 161.165039; 1.370361; 159.747559; 0.234863; 98; 8554.065859; 7910.396210;
150481405598000046392291; ../../ALL_tsp/rd100.tsp; OpenMPStatic; 16; 49.748047; 2.914307; 46.605713; 0.273682; 98; 8554.065859; 7910.396210;
1504814055180000046577315; ../../ALL_tsp/rd100.tsp; OpenMPDynamic; 16; 109.743896; 52.795166; 56.718750; 0.314697; 98; 8554.065859; 7910.396210;
15048140552000046634464; ../../ALL_tsp/rd100.tsp; OpenMP; 1; 18.187012; 17.950928; 0.218018; 0.190918; 98; 8554.065859; 7910.396210;
15048140551000046691258; ../../ALL_tsp/rd100.tsp; OpenMPStatic; 1; 18.182129; 17.924316; 0.231934; 0.194824; 98; 8554.065859; 7910.396210;
15048140554000046782386; ../../ALL_tsp/rd100.tsp; OpenMPDynamic; 1; 39.711914; 39.127197; 0.509277; 0.427002; 98; 8554.065859; 7910.396210;
15048140554000046868186; ../../ALL_tsp/rd100.tsp; OpenMP; 2; 20.428955; 19.667969; 0.725098; 0.453613; 98; 8554.065859; 7910.396210;
15048140556000046963955; ../../ALL_tsp/rd100.tsp; OpenMPStatic; 2; 30.150146; 29.405762; 0.584473; 0.437988; 98; 8554.065859; 7910.396210;
150481405650000653053; ../../ALL_tsp/rd100.tsp; OpenMPDynamic; 2; 24.257080; 23.226318; 0.816406; 0.471191; 108; 8525.958281; 7910.396210;
1504814056500006139231; ../../ALL_tsp/rd100.tsp; OpenMP; 4; 12.103027; 11.137451; 0.937256; 0.497314; 108; 8525.958281; 7910.396210;
1504814056800006226706; ../../ALL_tsp/rd100.tsp; OpenMPStatic; 4; 20.213135; 19.297607; 0.627930; 0.488037; 108; 8525.958281; 7910.396210;
1504814056600006307133; ../../ALL_tsp/rd100.tsp; OpenMPDynamic; 4; 13.553955; 12.143311; 1.067871; 0.483643; 108; 8525.958281; 7910.396210;
1504814056700006386219; ../../ALL_tsp/rd100.tsp; OpenMP; 8; 7.256104; 6.051270; 1.174072; 0.495117; 108; 8525.958281; 7910.396210;
15048140561100006469193; ../../ALL_tsp/rd100.tsp; OpenMPStatic; 8; 12.275879; 11.323242; 0.651123; 0.489746; 108; 8525.958281; 7910.396210;
1504814056800006547711; ../../ALL_tsp/rd100.tsp; OpenMPDynamic; 8; 8.896973; 6.959717; 1.582764; 0.481689; 108; 8525.958281; 7910.396210;
150481405624300006831251; ../../ALL_tsp/rd100.tsp; OpenMP; 16; 166.532959; 3.115723; 163.325928; 0.507568; 108; 8525.958281; 7910.396210;
150481405610100006979169; ../../ALL_tsp/rd100.tsp; OpenMPStatic; 16; 56.746826; 3.484131; 53.062500; 0.304932; 108; 8525.958281; 7910.396210;
1504814057123000082148275; ../../ALL_tsp/rd100.tsp; OpenMPDynamic; 16; 68.839844; 35.671143; 32.864258; 0.363037; 106; 8600.685802; 7910.396210;
15048140574000082259900; ../../ALL_tsp/rd100.tsp; OpenMP; 1; 42.787109; 42.252441; 0.493896; 0.425537; 106; 8600.685802; 7910.396210;
15048140575000082366447; ../../ALL_tsp/rd100.tsp; OpenMPStatic; 1; 43.044922; 42.460449; 0.511719; 0.428711; 106; 8600.685802; 7910.396210;
15048140574000082490417; ../../ALL_tsp/rd100.tsp; OpenMPDynamic; 1; 43.590088; 42.964600; 0.532959; 0.431885; 106; 8600.685802; 7910.396210;
15048140575000082586077; ../../ALL_tsp/rd100.tsp; OpenMP; 2; 22.328857; 21.581787; 0.711670; 0.456299; 106; 8600.685802; 7910.396210;
15048140576000082688781; ../../ALL_tsp/rd100.tsp; OpenMPStatic; 2; 32.225098; 31.440674; 0.623779; 0.454590; 106; 8600.685802; 7910.396210;
15048140575000082778503; ../../ALL_tsp/rd100.tsp; OpenMPDynamic; 2; 23.854980; 22.812256; 0.833252; 0.465088; 106; 8600.685802; 7910.396210;
15048140575000082856593; ../../ALL_tsp/rd100.tsp; OpenMP; 4; 11.753906; 10.848633; 0.847900; 0.482178; 106; 8600.685802; 7910.396210;
15048140578000082964425; ../../ALL_tsp/rd100.tsp; OpenMPStatic; 4; 19.879150; 19.018799; 0.592773; 0.473633; 106; 8600.685802; 7910.396210;
1504814058600008851137; ../../ALL_tsp/rd100.tsp; OpenMPDynamic; 4; 13.125977; 11.751953; 1.082275; 0.489258; 106; 8482.768368; 7910.396210;
150481405829000088161961; ../../ALL_tsp/rd100.tsp; OpenMP; 8; 31.270996; 5.885254; 25.342041; 0.490967; 106; 8482.768368; 7910.396210;
150481405840000088288218; ../../ALL_tsp/rd100.tsp; OpenMPStatic; 8; 44.500000; 10.771973; 33.429443; 0.521484; 106; 8482.768368; 7910.396210;
1504814058138000088569591; ../../ALL_tsp/rd100.tsp; OpenMPDynamic; 8; 185.925049; 104.195801; 81.439697; 0.506104; 106; 8482.768368; 7910.396210;
1504814058244000088828027; ../../ALL_tsp/rd100.tsp; OpenMP; 16; 152.575195; 1.805664; 150.729004; 0.310791; 106; 8482.768368; 7910.396210;
1504814058127000088975695; ../../ALL_tsp/rd100.tsp; OpenMPStatic; 16; 72.237061; 3.248779; 68.763916; 0.282471; 106; 8482.768368; 7910.396210;
1504814059186000067183678; ../../ALL_tsp/rd100.tsp; OpenMPDynamic; 16; 97.683105; 45.509277; 51.841553; 0.395996; 101; 8513.007777; 7910.396210;
15048140594000067296900; ../../ALL_tsp/rd100.tsp; OpenMP; 1; 40.532959; 40.023682; 0.474365; 0.412109; 101; 8513.007777; 7910.396210;
15048140594000067413169; ../../ALL_tsp/rd100.tsp; OpenMPStatic; 1; 40.720947; 40.118164; 0.523193; 0.417236; 101; 8513.007777; 7910.396210;
15048140594000067535691; ../../ALL_tsp/rd100.tsp; OpenMPDynamic; 1; 40.785889; 40.215088; 0.495361; 0.401611; 101; 8513.007777; 7910.396210;
15048140594000067623690; ../../ALL_tsp/rd100.tsp; OpenMP; 2; 21.014893; 20.262695; 0.714600; 0.446777; 101; 8513.007777; 7910.396210;
15048140596000067721634; ../../ALL_tsp/rd100.tsp; OpenMPStatic; 2; 30.983154; 30.237061; 0.587891; 0.430664; 101; 8513.007777; 7910.396210;
15048140594000067824823; ../../ALL_tsp/rd100.tsp; OpenMPDynamic; 2; 22.718018; 21.729736; 0.776855; 0.447510; 101; 8513.007777; 7910.396210;
15048140595000067895164; ../../ALL_tsp/rd100.tsp; OpenMP; 4; 11.250977; 10.396729; 0.800537; 0.467285; 101; 8513.007777; 7910.396210;
15048140598000067973952; ../../ALL_tsp/rd100.tsp; OpenMPStatic; 4; 18.942871; 18.106934; 0.589600; 0.458252; 101; 8513.007777; 7910.396210;
1504814060500009255519; ../../ALL_tsp/rd100.tsp; OpenMPDynamic; 4; 13.266113; 12.030762; 1.010498; 0.478027; 109; 8190.048580; 7910.396210;
1504814060102000092290811; ../../ALL_tsp/rd100.tsp; OpenMP; 8; 135.038086; 6.117432; 128.857666; 0.494385; 109; 8190.048580; 7910.396210;
1504814060146000092565810; ../../ALL_tsp/rd100.tsp; OpenMPStatic; 8; 197.124023; 11.197754; 185.607666; 0.494385; 109; 8190.048580; 7910.396210;
150481406037000092688986; ../../ALL_tsp/rd100.tsp; OpenMPDynamic; 8; 46.286133; 29.617920; 16.324951; 0.481201; 109; 8190.048580; 7910.396210;
1504814060156000092872987; ../../ALL_tsp/rd100.tsp; OpenMP; 16; 91.784180; 3.220459; 88.505859; 0.493164; 109; 8190.048580; 7910.396210;
150481406041000092974073; ../../ALL_tsp/rd100.tsp; OpenMPStatic; 16; 12.194092; 6.133789; 5.705078; 0.503906; 109; 8190.048580; 7910.396210;
1504814061197000066187244; ../../ALL_tsp/rd100.tsp; OpenMPDynamic; 16; 115.451904; 62.983154; 52.105469; 0.449219; 101; 8633.225894; 7910.396210;
