../../ALL_tsp/att48.tsp; MPI; 1 ; 4.061035; 3.915771; 0.053467; 44; 35735.301525; 33523.708507
../../ALL_tsp/att48.tsp; OpenMP; 1 ;4.816895; 4.675049; 0.039795; 50; 33555.276457; 33523.708507
../../ALL_tsp/att48.tsp; MPI; 2 ; 2.833984; 2.217041; 0.503174; 49; 34341.228066; 33523.708507
../../ALL_tsp/att48.tsp; OpenMP; 2 ;2.208008; 2.021729; 0.080566; 40; 34404.771251; 33523.708507
../../ALL_tsp/att48.tsp; MPI; 4 ; 2.121094; 1.162109; 0.847168; 49; 34341.228066; 33523.708507
../../ALL_tsp/att48.tsp; OpenMP; 4 ;1.467041; 1.197266; 0.149414; 40; 34404.771251; 33523.708507
../../ALL_tsp/att48.tsp; MPI; 8 ; 2.171143; 0.644531; 1.406982; 50; 33875.767969; 33523.708507
../../ALL_tsp/att48.tsp; OpenMP; 8 ;1.145020; 0.839844; 0.187988; 48; 34795.263458; 33523.708507
../../ALL_tsp/att48.tsp; MPI; 16 ; 2.183105; 0.324219; 1.759766; 42; 34487.778531; 33523.708507
../../ALL_tsp/att48.tsp; OpenMP; 16 ;2.589844; 0.553467; 1.917236; 45; 35192.441606; 33523.708507
../../ALL_tsp/att48.tsp; MPI; 1 ; 3.880859; 3.741699; 0.048828; 42; 34487.778531; 33523.708507
../../ALL_tsp/att48.tsp; OpenMP; 1 ;4.343018; 4.212891; 0.037842; 45; 35192.441606; 33523.708507
../../ALL_tsp/att48.tsp; MPI; 2 ; 2.533203; 1.960449; 0.473877; 43; 35099.954470; 33523.708507
../../ALL_tsp/att48.tsp; OpenMP; 2 ;2.467041; 2.270264; 0.083740; 45; 35391.547436; 33523.708507
../../ALL_tsp/att48.tsp; MPI; 4 ; 1.889893; 1.015381; 0.775879; 43; 35099.954470; 33523.708507
../../ALL_tsp/att48.tsp; OpenMP; 4 ;1.536865; 1.272217; 0.148193; 45; 35391.547436; 33523.708507
../../ALL_tsp/att48.tsp; MPI; 8 ; 1.846924; 0.559326; 1.182129; 43; 35078.509591; 33523.708507
../../ALL_tsp/att48.tsp; OpenMP; 8 ;0.990967; 0.712646; 0.178711; 40; 33883.979889; 33523.708507
../../ALL_tsp/att48.tsp; MPI; 16 ; 1.625977; 0.300049; 1.220703; 40; 35054.524218; 33523.708507
../../ALL_tsp/att48.tsp; OpenMP; 16 ;117.784912; 0.328613; 117.339600; 43; 34595.186088; 33523.708507
../../ALL_tsp/att48.tsp; MPI; 1 ; 3.697998; 3.559326; 0.048584; 40; 35054.524218; 33523.708507
../../ALL_tsp/att48.tsp; OpenMP; 1 ;4.136963; 4.019531; 0.031494; 43; 34595.186088; 33523.708507
../../ALL_tsp/att48.tsp; MPI; 2 ; 2.354004; 1.808105; 0.461182; 40; 34831.749894; 33523.708507
../../ALL_tsp/att48.tsp; OpenMP; 2 ;2.374023; 2.169678; 0.083496; 43; 35408.969336; 33523.708507
../../ALL_tsp/att48.tsp; MPI; 4 ; 1.796143; 0.948730; 0.752441; 40; 34831.749894; 33523.708507
../../ALL_tsp/att48.tsp; OpenMP; 4 ;1.488037; 1.236572; 0.126465; 43; 35408.969336; 33523.708507
../../ALL_tsp/att48.tsp; MPI; 8 ; 1.842041; 0.542236; 1.194580; 42; 34607.755957; 33523.708507
../../ALL_tsp/att48.tsp; OpenMP; 8 ;1.119141; 0.784668; 0.222168; 45; 35728.025736; 33523.708507
../../ALL_tsp/att48.tsp; MPI; 16 ; 1.736084; 0.361328; 1.260010; 47; 34944.690045; 33523.708507
../../ALL_tsp/att48.tsp; OpenMP; 16 ;164.322998; 0.354736; 163.873779; 48; 34214.420334; 33523.708507
../../ALL_tsp/att48.tsp; MPI; 1 ; 3.791992; 3.655762; 0.045654; 41; 36389.546034; 33523.708507
../../ALL_tsp/att48.tsp; OpenMP; 1 ;4.457031; 4.331787; 0.033203; 43; 34258.061696; 33523.708507
../../ALL_tsp/att48.tsp; MPI; 2 ; 2.408936; 1.848389; 0.455566; 41; 36389.546034; 33523.708507
../../ALL_tsp/att48.tsp; OpenMP; 2 ;2.360107; 2.161865; 0.086426; 43; 34258.061696; 33523.708507
../../ALL_tsp/att48.tsp; MPI; 4 ; 1.875000; 0.974854; 0.801270; 41; 36389.546034; 33523.708507
../../ALL_tsp/att48.tsp; OpenMP; 4 ;1.447021; 1.219971; 0.118164; 43; 34258.061696; 33523.708507
../../ALL_tsp/att48.tsp; MPI; 8 ; 1.916016; 0.564697; 1.236328; 44; 35912.893959; 33523.708507
../../ALL_tsp/att48.tsp; OpenMP; 8 ;1.187988; 0.846436; 0.212646; 48; 34454.661789; 33523.708507
../../ALL_tsp/att48.tsp; MPI; 16 ; 1.726074; 0.337891; 1.279785; 45; 34772.387867; 33523.708507
../../ALL_tsp/att48.tsp; OpenMP; 16 ;29.447998; 0.524658; 28.807861; 43; 34529.439744; 33523.708507
../../ALL_tsp/att48.tsp; MPI; 1 ; 3.867920; 3.731201; 0.046875; 42; 36844.208562; 33523.708507
../../ALL_tsp/att48.tsp; OpenMP; 1 ;3.665039; 3.534424; 0.031738; 38; 35559.003170; 33523.708507
../../ALL_tsp/att48.tsp; MPI; 2 ; 2.439941; 1.901855; 0.442139; 42; 36844.208562; 33523.708507
../../ALL_tsp/att48.tsp; OpenMP; 2 ;2.109131; 1.921875; 0.081055; 38; 35559.003170; 33523.708507
../../ALL_tsp/att48.tsp; MPI; 4 ; 1.809082; 0.994385; 0.717773; 42; 36844.208562; 33523.708507
../../ALL_tsp/att48.tsp; OpenMP; 4 ;1.279053; 1.088135; 0.090088; 38; 35559.003170; 33523.708507
../../ALL_tsp/att48.tsp; MPI; 8 ; 2.067871; 0.615234; 1.335449; 48; 35604.730396; 33523.708507
../../ALL_tsp/att48.tsp; OpenMP; 8 ;1.103027; 0.785400; 0.206299; 44; 36092.824075; 33523.708507
../../ALL_tsp/att48.tsp; MPI; 16 ; 1.645020; 0.321533; 1.213867; 43; 34768.639897; 33523.708507
../../ALL_tsp/att48.tsp; OpenMP; 16 ;23.891846; 0.505127; 23.269043; 43; 34056.217750; 33523.708507
../../ALL_tsp/att48.tsp; MPI; 1 ; 4.236084; 4.082275; 0.050781; 46; 34449.064382; 33523.708507
../../ALL_tsp/att48.tsp; OpenMP; 1 ;4.614990; 4.481201; 0.031006; 48; 34763.416073; 33523.708507
../../ALL_tsp/att48.tsp; MPI; 2 ; 3.016846; 2.497314; 0.414795; 46; 34449.064382; 33523.708507
../../ALL_tsp/att48.tsp; OpenMP; 2 ;2.656982; 2.436523; 0.092041; 48; 34763.416073; 33523.708507
../../ALL_tsp/att48.tsp; MPI; 4 ; 2.020996; 1.102051; 0.812256; 46; 34449.064382; 33523.708507
../../ALL_tsp/att48.tsp; OpenMP; 4 ;1.551025; 1.329590; 0.096680; 48; 34763.416073; 33523.708507
../../ALL_tsp/att48.tsp; MPI; 8 ; 2.049072; 0.633789; 1.294434; 48; 35463.382076; 33523.708507
../../ALL_tsp/att48.tsp; OpenMP; 8 ;1.208008; 0.826904; 0.242676; 48; 34498.789487; 33523.708507
../../ALL_tsp/att48.tsp; MPI; 16 ; 1.867188; 0.351074; 1.404541; 47; 34355.599139; 33523.708507
../../ALL_tsp/att48.tsp; OpenMP; 16 ;6.281006; 0.555664; 5.602295; 47; 35102.997281; 33523.708507
../../ALL_tsp/att48.tsp; MPI; 1 ; 4.145996; 3.994873; 0.050537; 45; 33977.885216; 33523.708507
../../ALL_tsp/att48.tsp; OpenMP; 1 ;4.618896; 4.484131; 0.036865; 48; 33945.586948; 33523.708507
../../ALL_tsp/att48.tsp; MPI; 2 ; 2.632080; 2.034668; 0.492432; 45; 33977.885216; 33523.708507
../../ALL_tsp/att48.tsp; OpenMP; 2 ;2.742920; 2.469727; 0.149414; 48; 33945.586948; 33523.708507
../../ALL_tsp/att48.tsp; MPI; 4 ; 1.985107; 1.066406; 0.808594; 45; 33977.885216; 33523.708507
../../ALL_tsp/att48.tsp; OpenMP; 4 ;1.615967; 1.377930; 0.113281; 48; 33945.586948; 33523.708507
../../ALL_tsp/att48.tsp; MPI; 8 ; 1.967041; 0.614502; 1.228027; 47; 34825.268872; 33523.708507
../../ALL_tsp/att48.tsp; OpenMP; 8 ;1.163086; 0.800293; 0.245117; 45; 34097.594735; 33523.708507
../../ALL_tsp/att48.tsp; MPI; 16 ; 1.775879; 0.342285; 1.322510; 46; 34953.818922; 33523.708507
../../ALL_tsp/att48.tsp; OpenMP; 16 ;5.274170; 0.500488; 4.666504; 42; 34329.891873; 33523.708507
../../ALL_tsp/att48.tsp; MPI; 1 ; 4.058838; 3.912109; 0.046875; 44; 34565.423360; 33523.708507
../../ALL_tsp/att48.tsp; OpenMP; 1 ;3.960938; 3.839844; 0.036865; 41; 34492.393116; 33523.708507
../../ALL_tsp/att48.tsp; MPI; 2 ; 2.586182; 1.997070; 0.468994; 44; 34565.423360; 33523.708507
../../ALL_tsp/att48.tsp; OpenMP; 2 ;2.264893; 2.067383; 0.087402; 41; 34492.393116; 33523.708507
../../ALL_tsp/att48.tsp; MPI; 4 ; 1.914062; 1.039062; 0.767090; 44; 34565.423360; 33523.708507
../../ALL_tsp/att48.tsp; OpenMP; 4 ;1.391113; 1.185303; 0.090088; 41; 34492.393116; 33523.708507
../../ALL_tsp/att48.tsp; MPI; 8 ; 2.068115; 0.617432; 1.330811; 48; 34742.122434; 33523.708507
../../ALL_tsp/att48.tsp; OpenMP; 8 ;1.061035; 0.752197; 0.189453; 43; 34745.970477; 33523.708507
../../ALL_tsp/att48.tsp; MPI; 16 ; 1.500000; 0.285889; 1.122070; 38; 35329.384569; 33523.708507
../../ALL_tsp/att48.tsp; OpenMP; 16 ;18.520020; 0.574463; 17.823975; 47; 34637.923968; 33523.708507
../../ALL_tsp/att48.tsp; MPI; 1 ; 3.947021; 3.808594; 0.050293; 43; 35574.473536; 33523.708507
../../ALL_tsp/att48.tsp; OpenMP; 1 ;3.860107; 3.732910; 0.034668; 40; 36813.354730; 33523.708507
../../ALL_tsp/att48.tsp; MPI; 2 ; 2.562012; 1.953613; 0.513916; 43; 35574.473536; 33523.708507
../../ALL_tsp/att48.tsp; OpenMP; 2 ;2.219971; 2.028076; 0.085449; 40; 36813.354730; 33523.708507
../../ALL_tsp/att48.tsp; MPI; 4 ; 1.913086; 1.032959; 0.789551; 43; 35574.473536; 33523.708507
../../ALL_tsp/att48.tsp; OpenMP; 4 ;1.456055; 1.196045; 0.144043; 40; 36813.354730; 33523.708507
../../ALL_tsp/att48.tsp; MPI; 8 ; 1.971924; 0.584473; 1.282227; 45; 35356.161801; 33523.708507
../../ALL_tsp/att48.tsp; OpenMP; 8 ;1.146973; 0.820312; 0.211670; 46; 34395.574185; 33523.708507
../../ALL_tsp/att48.tsp; MPI; 16 ; 1.703125; 0.328125; 1.264160; 44; 35306.774470; 33523.708507
../../ALL_tsp/att48.tsp; OpenMP; 16 ;1.190918; 0.507812; 0.575928; 41; 34892.628753; 33523.708507
../../ALL_tsp/att48.tsp; MPI; 1 ; 4.056152; 3.916016; 0.046875; 44; 35192.886185; 33523.708507
../../ALL_tsp/att48.tsp; OpenMP; 1 ;4.140137; 4.013672; 0.038086; 43; 35334.874349; 33523.708507
../../ALL_tsp/att48.tsp; MPI; 2 ; 2.566162; 1.988037; 0.477295; 44; 35192.886185; 33523.708507
../../ALL_tsp/att48.tsp; OpenMP; 2 ;2.371826; 2.159424; 0.099365; 43; 35334.874349; 33523.708507
../../ALL_tsp/att48.tsp; MPI; 4 ; 1.932129; 1.039307; 0.782227; 44; 35192.886185; 33523.708507
../../ALL_tsp/att48.tsp; OpenMP; 4 ;1.441895; 1.225098; 0.096680; 43; 35334.874349; 33523.708507
../../ALL_tsp/att48.tsp; MPI; 8 ; 1.962891; 0.574951; 1.286621; 44; 34868.204467; 33523.708507
../../ALL_tsp/att48.tsp; OpenMP; 8 ;0.941895; 0.632324; 0.220459; 37; 35265.896728; 33523.708507
../../ALL_tsp/att48.tsp; MPI; 16 ; 1.791992; 0.338379; 1.344238; 45; 34822.524079; 33523.708507
../../ALL_tsp/att48.tsp; OpenMP; 16 ;24.972900; 0.621338; 24.224854; 50; 36943.608739; 33523.708507
../../ALL_tsp/rd100.tsp; MPI; 1 ; 42.830078; 42.280029; 0.098877; 107; 8260.857739; 7910.396210
../../ALL_tsp/rd100.tsp; OpenMP; 1 ;43.294922; 42.801758; 0.070312; 103; 8339.399903; 7910.396210
../../ALL_tsp/rd100.tsp; MPI; 2 ; 22.747803; 21.393555; 0.865234; 107; 8260.857739; 7910.396210
../../ALL_tsp/rd100.tsp; OpenMP; 2 ;22.495117; 21.874023; 0.160400; 103; 8339.399903; 7910.396210
../../ALL_tsp/rd100.tsp; MPI; 4 ; 12.476807; 10.387451; 1.638672; 102; 8459.853735; 7910.396210
../../ALL_tsp/rd100.tsp; OpenMP; 4 ;12.487061; 11.748291; 0.247803; 105; 8311.808697; 7910.396210
../../ALL_tsp/rd100.tsp; MPI; 8 ; 8.248047; 5.416992; 2.363770; 102; 8459.853735; 7910.396210
../../ALL_tsp/rd100.tsp; OpenMP; 8 ;6.996094; 6.254883; 0.257324; 105; 8311.808697; 7910.396210
../../ALL_tsp/rd100.tsp; MPI; 16 ; 6.216064; 3.126465; 2.523682; 109; 8652.974819; 7910.396210
../../ALL_tsp/rd100.tsp; OpenMP; 16 ;8.781982; 3.619385; 4.708740; 104; 9122.489905; 7910.396210
../../ALL_tsp/rd100.tsp; MPI; 1 ; 43.927979; 43.374023; 0.098145; 109; 8652.974819; 7910.396210
../../ALL_tsp/rd100.tsp; OpenMP; 1 ;43.705078; 43.220459; 0.067383; 104; 9122.489905; 7910.396210
../../ALL_tsp/rd100.tsp; MPI; 2 ; 23.404053; 21.822510; 1.082275; 109; 8652.974819; 7910.396210
../../ALL_tsp/rd100.tsp; OpenMP; 2 ;22.681885; 22.061523; 0.157715; 104; 9122.489905; 7910.396210
../../ALL_tsp/rd100.tsp; MPI; 4 ; 12.212891; 10.316406; 1.435303; 101; 8919.592992; 7910.396210
../../ALL_tsp/rd100.tsp; OpenMP; 4 ;13.573975; 12.795654; 0.277832; 109; 8353.241103; 7910.396210
../../ALL_tsp/rd100.tsp; MPI; 8 ; 8.589844; 5.742920; 2.371338; 101; 8919.592992; 7910.396210
../../ALL_tsp/rd100.tsp; OpenMP; 8 ;7.159180; 6.404541; 0.283203; 102; 8736.985419; 7910.396210
../../ALL_tsp/rd100.tsp; MPI; 16 ; 6.114014; 3.083984; 2.450928; 108; 8760.509046; 7910.396210
../../ALL_tsp/rd100.tsp; OpenMP; 16 ;29.791016; 3.805420; 25.467773; 111; 8717.240348; 7910.396210
../../ALL_tsp/rd100.tsp; MPI; 1 ; 43.208008; 42.645020; 0.108398; 108; 8760.509046; 7910.396210
../../ALL_tsp/rd100.tsp; OpenMP; 1 ;47.058105; 46.513672; 0.081299; 111; 8717.240348; 7910.396210
../../ALL_tsp/rd100.tsp; MPI; 2 ; 23.311035; 21.930420; 0.898193; 108; 8760.509046; 7910.396210
../../ALL_tsp/rd100.tsp; OpenMP; 2 ;22.093018; 21.435303; 0.176025; 101; 8833.993707; 7910.396210
../../ALL_tsp/rd100.tsp; MPI; 4 ; 11.625000; 9.677979; 1.537598; 95; 8695.141240; 7910.396210
../../ALL_tsp/rd100.tsp; OpenMP; 4 ;12.656006; 11.640869; 0.525635; 101; 8833.993707; 7910.396210
../../ALL_tsp/rd100.tsp; MPI; 8 ; 8.163818; 5.359131; 2.344238; 101; 8366.311716; 7910.396210
../../ALL_tsp/rd100.tsp; OpenMP; 8 ;6.444824; 5.737305; 0.270752; 96; 8613.949666; 7910.396210
../../ALL_tsp/rd100.tsp; MPI; 16 ; 5.541992; 2.761475; 2.356934; 97; 8416.413610; 7910.396210
../../ALL_tsp/rd100.tsp; OpenMP; 16 ;10.656982; 3.546875; 6.616699; 103; 8105.107272; 7910.396210
../../ALL_tsp/rd100.tsp; MPI; 1 ; 39.054199; 38.583008; 0.098389; 97; 8416.413610; 7910.396210
../../ALL_tsp/rd100.tsp; OpenMP; 1 ;43.291016; 42.801758; 0.053955; 103; 8105.107272; 7910.396210
../../ALL_tsp/rd100.tsp; MPI; 2 ; 23.162109; 21.758301; 0.888672; 109; 8528.896066; 7910.396210
../../ALL_tsp/rd100.tsp; OpenMP; 2 ;21.442139; 20.838135; 0.137451; 98; 8721.534086; 7910.396210
../../ALL_tsp/rd100.tsp; MPI; 4 ; 13.364014; 11.133301; 1.720215; 109; 8528.896066; 7910.396210
../../ALL_tsp/rd100.tsp; OpenMP; 4 ;12.110107; 11.020752; 0.624268; 98; 8721.534086; 7910.396210
../../ALL_tsp/rd100.tsp; MPI; 8 ; 8.762207; 5.566162; 2.718262; 105; 8583.237881; 7910.396210
../../ALL_tsp/rd100.tsp; OpenMP; 8 ;6.441162; 5.764893; 0.231445; 96; 8521.536880; 7910.396210
../../ALL_tsp/rd100.tsp; MPI; 16 ; 5.753174; 2.881104; 2.312012; 100; 8899.285621; 7910.396210
../../ALL_tsp/rd100.tsp; OpenMP; 16 ;17.735840; 3.806641; 13.416504; 110; 8368.902901; 7910.396210
../../ALL_tsp/rd100.tsp; MPI; 1 ; 40.000000; 39.472656; 0.106201; 100; 8899.285621; 7910.396210
../../ALL_tsp/rd100.tsp; OpenMP; 1 ;44.407959; 43.904053; 0.080322; 105; 8299.311600; 7910.396210
../../ALL_tsp/rd100.tsp; MPI; 2 ; 21.026855; 19.877197; 0.721436; 98; 8661.176764; 7910.396210
../../ALL_tsp/rd100.tsp; OpenMP; 2 ;24.260986; 23.643311; 0.151123; 105; 8299.311600; 7910.396210
../../ALL_tsp/rd100.tsp; MPI; 4 ; 11.891113; 9.980957; 1.495361; 98; 8661.176764; 7910.396210
../../ALL_tsp/rd100.tsp; OpenMP; 4 ;12.982910; 12.087158; 0.416748; 105; 8299.311600; 7910.396210
../../ALL_tsp/rd100.tsp; MPI; 8 ; 8.768066; 5.758057; 2.519287; 108; 8635.236964; 7910.396210
../../ALL_tsp/rd100.tsp; OpenMP; 8 ;6.824951; 6.106934; 0.266357; 98; 8366.927938; 7910.396210
../../ALL_tsp/rd100.tsp; MPI; 16 ; 5.630127; 2.853516; 2.352295; 99; 9177.891329; 7910.396210
../../ALL_tsp/rd100.tsp; OpenMP; 16 ;20.364990; 3.281982; 16.652832; 96; 8727.000964; 7910.396210
../../ALL_tsp/rd100.tsp; MPI; 1 ; 38.760010; 38.286621; 0.088623; 97; 8616.077251; 7910.396210
../../ALL_tsp/rd100.tsp; OpenMP; 1 ;43.673828; 43.203857; 0.053223; 104; 8609.492230; 7910.396210
../../ALL_tsp/rd100.tsp; MPI; 2 ; 20.621826; 19.328613; 0.866455; 97; 8616.077251; 7910.396210
../../ALL_tsp/rd100.tsp; OpenMP; 2 ;22.749023; 22.145020; 0.151367; 104; 8609.492230; 7910.396210
../../ALL_tsp/rd100.tsp; MPI; 4 ; 13.543945; 11.443848; 1.592285; 112; 8543.284373; 7910.396210
../../ALL_tsp/rd100.tsp; OpenMP; 4 ;11.890137; 11.111328; 0.323242; 99; 8795.825270; 7910.396210
../../ALL_tsp/rd100.tsp; MPI; 8 ; 9.199951; 5.946533; 2.748535; 112; 8543.284373; 7910.396210
../../ALL_tsp/rd100.tsp; OpenMP; 8 ;6.580078; 5.899902; 0.223389; 99; 8795.825270; 7910.396210
../../ALL_tsp/rd100.tsp; MPI; 16 ; 5.892090; 2.922852; 2.385010; 103; 8623.689580; 7910.396210
../../ALL_tsp/rd100.tsp; OpenMP; 16 ;7.440918; 3.507080; 3.494141; 99; 8817.839954; 7910.396210
../../ALL_tsp/rd100.tsp; MPI; 1 ; 41.541016; 41.001221; 0.097412; 103; 8623.689580; 7910.396210
../../ALL_tsp/rd100.tsp; OpenMP; 1 ;41.634033; 41.168213; 0.058838; 99; 8817.839954; 7910.396210
../../ALL_tsp/rd100.tsp; MPI; 2 ; 22.021973; 20.564697; 0.969238; 103; 8623.689580; 7910.396210
../../ALL_tsp/rd100.tsp; OpenMP; 2 ;21.649902; 21.014893; 0.196533; 99; 8817.839954; 7910.396210
../../ALL_tsp/rd100.tsp; MPI; 4 ; 13.219971; 11.005127; 1.710205; 108; 8242.267195; 7910.396210
../../ALL_tsp/rd100.tsp; OpenMP; 4 ;10.439941; 9.810303; 0.235840; 86; 8662.309503; 7910.396210
../../ALL_tsp/rd100.tsp; MPI; 8 ; 9.125977; 5.727051; 2.601318; 108; 8242.267195; 7910.396210
../../ALL_tsp/rd100.tsp; OpenMP; 8 ;6.672119; 5.971680; 0.257812; 100; 8658.881463; 7910.396210
../../ALL_tsp/rd100.tsp; MPI; 16 ; 6.469971; 3.237305; 2.651611; 113; 8203.134957; 7910.396210
../../ALL_tsp/rd100.tsp; OpenMP; 16 ;11.729980; 3.617432; 7.611572; 105; 8989.340788; 7910.396210
../../ALL_tsp/rd100.tsp; MPI; 1 ; 45.219971; 44.642334; 0.108398; 113; 8203.134957; 7910.396210
../../ALL_tsp/rd100.tsp; OpenMP; 1 ;44.087158; 43.585205; 0.061523; 105; 8989.340788; 7910.396210
../../ALL_tsp/rd100.tsp; MPI; 2 ; 24.026855; 22.596191; 0.927246; 113; 8203.134957; 7910.396210
../../ALL_tsp/rd100.tsp; OpenMP; 2 ;23.757080; 23.077637; 0.177734; 107; 8481.430525; 7910.396210
../../ALL_tsp/rd100.tsp; MPI; 4 ; 13.479004; 11.349854; 1.614258; 111; 8016.708908; 7910.396210
../../ALL_tsp/rd100.tsp; OpenMP; 4 ;12.787109; 11.984619; 0.314209; 107; 8481.430525; 7910.396210
../../ALL_tsp/rd100.tsp; MPI; 8 ; 8.499023; 5.514404; 2.502197; 104; 8690.096710; 7910.396210
../../ALL_tsp/rd100.tsp; OpenMP; 8 ;7.226074; 6.448975; 0.275879; 108; 8739.820233; 7910.396210
../../ALL_tsp/rd100.tsp; MPI; 16 ; 6.606934; 3.254395; 2.736084; 114; 8629.467849; 7910.396210
../../ALL_tsp/rd100.tsp; OpenMP; 16 ;7.503906; 3.424072; 3.632324; 100; 8342.215914; 7910.396210
../../ALL_tsp/rd100.tsp; MPI; 1 ; 45.585938; 45.002441; 0.105957; 114; 8629.467849; 7910.396210
../../ALL_tsp/rd100.tsp; OpenMP; 1 ;42.202881; 41.732422; 0.061279; 100; 8342.215914; 7910.396210
../../ALL_tsp/rd100.tsp; MPI; 2 ; 22.348877; 20.994629; 0.864258; 105; 8503.452482; 7910.396210
../../ALL_tsp/rd100.tsp; OpenMP; 2 ;21.822021; 21.191895; 0.188477; 100; 8640.572627; 7910.396210
../../ALL_tsp/rd100.tsp; MPI; 4 ; 12.847900; 10.714600; 1.647217; 105; 8503.452482; 7910.396210
../../ALL_tsp/rd100.tsp; OpenMP; 4 ;11.878906; 11.141113; 0.292969; 100; 8640.572627; 7910.396210
../../ALL_tsp/rd100.tsp; MPI; 8 ; 8.041992; 5.197021; 2.409180; 98; 8871.228588; 7910.396210
../../ALL_tsp/rd100.tsp; OpenMP; 8 ;6.664062; 5.966553; 0.249512; 100; 8442.732090; 7910.396210
../../ALL_tsp/rd100.tsp; MPI; 16 ; 5.177002; 2.681885; 2.076416; 93; 8834.070964; 7910.396210
../../ALL_tsp/rd100.tsp; OpenMP; 16 ;4.201904; 3.262207; 0.525879; 95; 8389.165902; 7910.396210
../../ALL_tsp/rd100.tsp; MPI; 1 ; 37.232178; 36.763672; 0.095459; 93; 8834.070964; 7910.396210
../../ALL_tsp/rd100.tsp; OpenMP; 1 ;43.596924; 43.090820; 0.060791; 103; 8565.554746; 7910.396210
../../ALL_tsp/rd100.tsp; MPI; 2 ; 24.572998; 23.103516; 0.936523; 114; 8301.825108; 7910.396210
../../ALL_tsp/rd100.tsp; OpenMP; 2 ;22.921875; 22.174072; 0.264160; 103; 8565.554746; 7910.396210
../../ALL_tsp/rd100.tsp; MPI; 4 ; 13.977051; 11.613037; 1.828857; 114; 8301.825108; 7910.396210
../../ALL_tsp/rd100.tsp; OpenMP; 4 ;12.593018; 11.595459; 0.522949; 103; 8565.554746; 7910.396210
../../ALL_tsp/rd100.tsp; MPI; 8 ; 8.747803; 5.741699; 2.506592; 108; 8835.955632; 7910.396210
../../ALL_tsp/rd100.tsp; OpenMP; 8 ;6.692871; 6.038818; 0.209229; 101; 8588.598809; 7910.396210
../../ALL_tsp/rd100.tsp; MPI; 16 ; 5.904053; 2.917480; 2.392334; 102; 8583.725504; 7910.396210
../../ALL_tsp/rd100.tsp; OpenMP; 16 ;186.271973; 4.040771; 181.705811; 107; 8539.812120; 7910.396210
../../ALL_tsp/pcb442.tsp; MPI; 1 ; 1780.111084; 1775.850586; 0.291748; 518; 56883.101601; 50783.547514
../../ALL_tsp/pcb442.tsp; OpenMP; 1 ;1787.409912; 1783.468506; 0.155029; 517; 55883.710405; 50783.547514
../../ALL_tsp/pcb442.tsp; MPI; 2 ; 986.507080; 941.715576; 40.543945; 502; 55625.042600; 50783.547514
../../ALL_tsp/pcb442.tsp; OpenMP; 2 ;943.490967; 923.349854; 15.642334; 494; 55946.221822; 50783.547514
../../ALL_tsp/pcb442.tsp; MPI; 4 ; 543.484131; 533.292969; 5.395752; 508; 55816.443931; 50783.547514
../../ALL_tsp/pcb442.tsp; OpenMP; 4 ;582.448975; 554.833740; 22.199463; 501; 57077.240570; 50783.547514
../../ALL_tsp/pcb442.tsp; MPI; 8 ; 343.066895; 329.750000; 7.438721; 523; 55335.830616; 50783.547514
../../ALL_tsp/pcb442.tsp; OpenMP; 8 ;331.797852; 324.881592; 0.855469; 519; 56516.204971; 50783.547514
../../ALL_tsp/pcb442.tsp; MPI; 16 ; 214.252197; 196.632080; 10.234375; 519; 58519.773298; 50783.547514
../../ALL_tsp/pcb442.tsp; OpenMP; 16 ;463.638916; 130.760742; 328.104980; 512; 55647.766514; 50783.547514
../../ALL_tsp/pcb442.tsp; MPI; 1 ; 1741.910889; 1737.636963; 0.245361; 515; 56351.104813; 50783.547514
../../ALL_tsp/pcb442.tsp; OpenMP; 1 ;1763.492920; 1759.557373; 0.137939; 507; 56828.555325; 50783.547514
../../ALL_tsp/pcb442.tsp; MPI; 2 ; 1016.274902; 970.914795; 40.968018; 511; 56342.829970; 50783.547514
../../ALL_tsp/pcb442.tsp; OpenMP; 2 ;1014.096924; 1008.216553; 0.783447; 517; 56335.928544; 50783.547514
../../ALL_tsp/pcb442.tsp; MPI; 4 ; 529.324219; 519.420898; 5.268555; 498; 56642.658477; 50783.547514
../../ALL_tsp/pcb442.tsp; OpenMP; 4 ;622.963135; 616.616699; 0.624268; 511; 56244.201834; 50783.547514
../../ALL_tsp/pcb442.tsp; MPI; 8 ; 345.386963; 331.870850; 7.527100; 512; 55936.346288; 50783.547514
../../ALL_tsp/pcb442.tsp; OpenMP; 8 ;381.701904; 372.909424; 2.014404; 514; 55563.827103; 50783.547514
../../ALL_tsp/pcb442.tsp; MPI; 16 ; 221.289062; 204.102295; 9.576172; 512; 55214.210171; 50783.547514
../../ALL_tsp/pcb442.tsp; OpenMP; 16 ;394.517822; 131.153076; 258.777344; 498; 55762.112049; 50783.547514
../../ALL_tsp/pcb442.tsp; MPI; 1 ; 1655.340820; 1651.349365; 0.228027; 501; 55643.817605; 50783.547514
../../ALL_tsp/pcb442.tsp; OpenMP; 1 ;1696.118164; 1692.370117; 0.129883; 507; 56314.697689; 50783.547514
../../ALL_tsp/pcb442.tsp; MPI; 2 ; 1009.746094; 897.887939; 107.808838; 516; 55904.076848; 50783.547514
../../ALL_tsp/pcb442.tsp; OpenMP; 2 ;986.295898; 980.739258; 0.541748; 492; 55225.485660; 50783.547514
../../ALL_tsp/pcb442.tsp; MPI; 4 ; 528.156006; 518.231689; 5.224609; 498; 56039.353009; 50783.547514
../../ALL_tsp/pcb442.tsp; OpenMP; 4 ;622.391113; 615.874268; 0.758301; 506; 55727.372041; 50783.547514
../../ALL_tsp/pcb442.tsp; MPI; 8 ; 344.634033; 330.578369; 8.055664; 497; 56273.647305; 50783.547514
../../ALL_tsp/pcb442.tsp; OpenMP; 8 ;315.313965; 307.332520; 0.562744; 499; 56221.725756; 50783.547514
../../ALL_tsp/pcb442.tsp; MPI; 16 ; 197.682129; 181.189697; 9.699219; 494; 57092.275810; 50783.547514
../../ALL_tsp/pcb442.tsp; OpenMP; 16 ;223.311035; 181.414062; 35.415771; 506; 56937.204553; 50783.547514
../../ALL_tsp/pcb442.tsp; MPI; 1 ; 1688.571045; 1684.472412; 0.256592; 494; 57092.275810; 50783.547514
../../ALL_tsp/pcb442.tsp; OpenMP; 1 ;1736.340820; 1732.461914; 0.121338; 520; 55292.781408; 50783.547514
../../ALL_tsp/pcb442.tsp; MPI; 2 ; 960.741943; 952.729736; 3.750244; 500; 57654.177763; 50783.547514
../../ALL_tsp/pcb442.tsp; OpenMP; 2 ;940.130859; 934.676270; 0.887939; 508; 57196.407498; 50783.547514
../../ALL_tsp/pcb442.tsp; MPI; 4 ; 582.739014; 573.042236; 4.432373; 500; 56801.290357; 50783.547514
../../ALL_tsp/pcb442.tsp; OpenMP; 4 ;560.376953; 554.450439; 0.552002; 503; 55568.774718; 50783.547514
../../ALL_tsp/pcb442.tsp; MPI; 8 ; 331.333984; 318.147949; 7.517090; 506; 56177.460256; 50783.547514
../../ALL_tsp/pcb442.tsp; OpenMP; 8 ;365.725098; 357.912842; 1.253662; 518; 55598.725447; 50783.547514
../../ALL_tsp/pcb442.tsp; MPI; 16 ; 218.656982; 200.530762; 10.660645; 513; 54664.056592; 50783.547514
../../ALL_tsp/pcb442.tsp; OpenMP; 16 ;226.916992; 165.643311; 55.346436; 496; 56581.254966; 50783.547514
../../ALL_tsp/pcb442.tsp; MPI; 1 ; 1670.577881; 1666.534912; 0.279053; 506; 54586.202200; 50783.547514
../../ALL_tsp/pcb442.tsp; OpenMP; 1 ;1793.365967; 1789.345703; 0.172852; 525; 56785.222735; 50783.547514
../../ALL_tsp/pcb442.tsp; MPI; 2 ; 959.187988; 949.865479; 5.024414; 516; 54919.079316; 50783.547514
../../ALL_tsp/pcb442.tsp; OpenMP; 2 ;1003.548096; 996.765869; 2.090820; 509; 55263.983275; 50783.547514
../../ALL_tsp/pcb442.tsp; MPI; 4 ; 572.116943; 562.227539; 4.813232; 511; 55662.195759; 50783.547514
../../ALL_tsp/pcb442.tsp; OpenMP; 4 ;546.508057; 540.148926; 1.320312; 497; 56059.339686; 50783.547514
../../ALL_tsp/pcb442.tsp; MPI; 8 ; 327.720947; 313.702148; 8.353760; 509; 56588.403451; 50783.547514
../../ALL_tsp/pcb442.tsp; OpenMP; 8 ;355.736084; 343.174072; 6.285645; 492; 57345.736448; 50783.547514
../../ALL_tsp/pcb442.tsp; MPI; 16 ; 231.770020; 212.610840; 11.291748; 521; 57553.201001; 50783.547514
../../ALL_tsp/pcb442.tsp; OpenMP; 16 ;211.114014; 195.346191; 8.729736; 520; 55358.573543; 50783.547514
../../ALL_tsp/pcb442.tsp; MPI; 1 ; 1703.159912; 1698.955322; 0.290283; 509; 55745.991498; 50783.547514
../../ALL_tsp/pcb442.tsp; OpenMP; 1 ;1826.541992; 1822.604736; 0.143799; 509; 55404.902341; 50783.547514
../../ALL_tsp/pcb442.tsp; MPI; 2 ; 948.807861; 938.959961; 5.643066; 524; 55146.065593; 50783.547514
../../ALL_tsp/pcb442.tsp; OpenMP; 2 ;943.782959; 930.694824; 8.619873; 501; 55767.518095; 50783.547514
../../ALL_tsp/pcb442.tsp; MPI; 4 ; 526.982910; 517.269775; 5.110840; 498; 55980.001049; 50783.547514
../../ALL_tsp/pcb442.tsp; OpenMP; 4 ;595.174072; 567.402344; 22.503906; 512; 55057.824626; 50783.547514
../../ALL_tsp/pcb442.tsp; MPI; 8 ; 328.851074; 315.481689; 7.591064; 498; 56390.219744; 50783.547514
../../ALL_tsp/pcb442.tsp; OpenMP; 8 ;386.318115; 378.530029; 0.933594; 523; 55412.181691; 50783.547514
../../ALL_tsp/pcb442.tsp; MPI; 16 ; 222.382080; 204.582764; 10.191895; 508; 56169.548398; 50783.547514
../../ALL_tsp/pcb442.tsp; OpenMP; 16 ;228.229004; 186.751953; 35.023682; 492; 57151.503033; 50783.547514
../../ALL_tsp/pcb442.tsp; MPI; 1 ; 1715.634033; 1711.433838; 0.260742; 497; 57498.795210; 50783.547514
../../ALL_tsp/pcb442.tsp; OpenMP; 1 ;1690.148193; 1686.405273; 0.135986; 504; 57653.183119; 50783.547514
../../ALL_tsp/pcb442.tsp; MPI; 2 ; 994.906006; 879.988770; 111.004883; 506; 56002.549112; 50783.547514
../../ALL_tsp/pcb442.tsp; OpenMP; 2 ;943.578125; 937.359863; 1.676270; 507; 55673.171352; 50783.547514
../../ALL_tsp/pcb442.tsp; MPI; 4 ; 528.385010; 519.055908; 4.650146; 499; 56268.884919; 50783.547514
../../ALL_tsp/pcb442.tsp; OpenMP; 4 ;605.040039; 598.145020; 1.276123; 495; 56388.293011; 50783.547514
../../ALL_tsp/pcb442.tsp; MPI; 8 ; 357.767822; 344.171387; 7.434082; 524; 56302.511218; 50783.547514
../../ALL_tsp/pcb442.tsp; OpenMP; 8 ;385.180176; 377.355225; 1.010986; 526; 54712.864139; 50783.547514
../../ALL_tsp/pcb442.tsp; MPI; 16 ; 212.091064; 195.087891; 9.789551; 497; 55958.710161; 50783.547514
../../ALL_tsp/pcb442.tsp; OpenMP; 16 ;234.486084; 174.028320; 54.364746; 516; 56805.896580; 50783.547514
../../ALL_tsp/pcb442.tsp; MPI; 1 ; 1708.319092; 1704.178711; 0.269043; 497; 55958.710161; 50783.547514
../../ALL_tsp/pcb442.tsp; OpenMP; 1 ;1702.629883; 1698.812500; 0.124023; 509; 56637.199716; 50783.547514
../../ALL_tsp/pcb442.tsp; MPI; 2 ; 992.257080; 984.033447; 3.808838; 510; 56300.337655; 50783.547514
../../ALL_tsp/pcb442.tsp; OpenMP; 2 ;947.990967; 942.603760; 0.830566; 512; 55680.619109; 50783.547514
../../ALL_tsp/pcb442.tsp; MPI; 4 ; 589.654053; 579.390625; 5.006836; 506; 57516.208616; 50783.547514
../../ALL_tsp/pcb442.tsp; OpenMP; 4 ;605.816895; 578.461426; 21.698242; 529; 57294.507774; 50783.547514
../../ALL_tsp/pcb442.tsp; MPI; 8 ; 308.665039; 296.596436; 6.656494; 500; 56718.672841; 50783.547514
../../ALL_tsp/pcb442.tsp; OpenMP; 8 ;353.061035; 336.525879; 8.514648; 513; 57008.272719; 50783.547514
../../ALL_tsp/pcb442.tsp; MPI; 16 ; 229.846924; 213.066406; 9.016357; 524; 56625.179161; 50783.547514
../../ALL_tsp/pcb442.tsp; OpenMP; 16 ;229.463867; 204.958496; 17.303955; 518; 55700.219512; 50783.547514
../../ALL_tsp/pcb442.tsp; MPI; 1 ; 1788.128906; 1783.725342; 0.306641; 526; 57700.642090; 50783.547514
../../ALL_tsp/pcb442.tsp; OpenMP; 1 ;1699.639160; 1695.848877; 0.150146; 503; 55300.860667; 50783.547514
../../ALL_tsp/pcb442.tsp; MPI; 2 ; 936.057129; 926.488525; 5.393555; 529; 55107.680428; 50783.547514
../../ALL_tsp/pcb442.tsp; OpenMP; 2 ;974.237793; 950.659424; 19.072998; 512; 56721.356897; 50783.547514
../../ALL_tsp/pcb442.tsp; MPI; 4 ; 580.544922; 570.972168; 4.438232; 532; 55536.577539; 50783.547514
../../ALL_tsp/pcb442.tsp; OpenMP; 4 ;616.297852; 610.200684; 0.436035; 510; 56539.018089; 50783.547514
../../ALL_tsp/pcb442.tsp; MPI; 8 ; 337.625000; 323.965088; 7.801514; 498; 56177.768909; 50783.547514
../../ALL_tsp/pcb442.tsp; OpenMP; 8 ;315.628906; 308.614502; 1.355957; 493; 56467.922747; 50783.547514
../../ALL_tsp/pcb442.tsp; MPI; 16 ; 208.676025; 192.200195; 9.317139; 503; 55554.730009; 50783.547514
../../ALL_tsp/pcb442.tsp; OpenMP; 16 ;228.510986; 184.770996; 37.050537; 493; 56987.711574; 50783.547514
../../ALL_tsp/pcb442.tsp; MPI; 1 ; 1690.015869; 1685.858887; 0.267334; 502; 55590.037547; 50783.547514
../../ALL_tsp/pcb442.tsp; OpenMP; 1 ;1711.181885; 1707.429688; 0.124756; 512; 57153.534905; 50783.547514
../../ALL_tsp/pcb442.tsp; MPI; 2 ; 1004.729980; 994.702637; 5.562012; 513; 55842.561590; 50783.547514
../../ALL_tsp/pcb442.tsp; OpenMP; 2 ;1081.795898; 951.693115; 124.970947; 516; 55538.834545; 50783.547514
../../ALL_tsp/pcb442.tsp; MPI; 4 ; 592.293945; 580.422119; 6.579834; 510; 57094.691364; 50783.547514
../../ALL_tsp/pcb442.tsp; OpenMP; 4 ;549.368896; 543.444336; 0.614746; 492; 57854.725551; 50783.547514
../../ALL_tsp/pcb442.tsp; MPI; 8 ; 341.235840; 327.465088; 7.765869; 510; 56019.620523; 50783.547514
../../ALL_tsp/pcb442.tsp; OpenMP; 8 ;376.446045; 368.644043; 1.186035; 506; 56927.366349; 50783.547514
../../ALL_tsp/pcb442.tsp; MPI; 16 ; 225.553955; 207.128906; 10.830078; 515; 57048.582553; 50783.547514
../../ALL_tsp/pcb442.tsp; OpenMP; 16 ;233.072998; 209.782227; 15.769043; 519; 56009.920277; 50783.547514
../../ALL_tsp/pr1002.tsp; MPI; 1 ; 19681.658936; 19662.609131; 0.699707; 1308; 281592.299123; 259066.663053
../../ALL_tsp/pr1002.tsp; OpenMP; 1 ;20501.457764; 20482.822021; 0.364990; 1297; 284302.539393; 259066.663053
../../ALL_tsp/pr1002.tsp; MPI; 2 ; 9942.218018; 9906.178223; 17.817871; 1305; 285631.343910; 259066.663053
../../ALL_tsp/pr1002.tsp; OpenMP; 2 ;10316.345215; 10157.880127; 139.469727; 1280; 285258.145378; 259066.663053
../../ALL_tsp/pr1002.tsp; MPI; 4 ; 5058.048096; 5028.964355; 10.511230; 1284; 284676.321085; 259066.663053
../../ALL_tsp/pr1002.tsp; OpenMP; 4 ;5286.191895; 5264.680420; 1.881348; 1301; 281133.774727; 259066.663053
../../ALL_tsp/pr1002.tsp; MPI; 8 ; 2727.537109; 2677.855469; 29.758057; 1308; 281723.069769; 259066.663053
../../ALL_tsp/pr1002.tsp; OpenMP; 8 ;2838.142090; 2798.790283; 18.357910; 1297; 281886.498290; 259066.663053
../../ALL_tsp/pr1002.tsp; MPI; 16 ; 1546.281982; 1507.197754; 16.244629; 1309; 282892.602530; 259066.663053
../../ALL_tsp/pr1002.tsp; OpenMP; 16 ;1704.156982; 1485.338867; 196.887939; 1294; 286078.670985; 259066.663053
../../ALL_tsp/pr1002.tsp; MPI; 1 ; 19402.416016; 19383.653564; 0.675537; 1301; 286163.917726; 259066.663053
../../ALL_tsp/pr1002.tsp; OpenMP; 1 ;20019.688965; 20001.332520; 0.381348; 1271; 289700.129754; 259066.663053
../../ALL_tsp/pr1002.tsp; MPI; 2 ; 9865.164062; 9754.796143; 92.381348; 1289; 284659.285650; 259066.663053
../../ALL_tsp/pr1002.tsp; OpenMP; 2 ;10600.573975; 10461.541992; 119.529053; 1320; 281732.307624; 259066.663053
../../ALL_tsp/pr1002.tsp; MPI; 4 ; 5068.109131; 5038.400391; 10.917480; 1301; 281953.028377; 259066.663053
../../ALL_tsp/pr1002.tsp; OpenMP; 4 ;5643.089111; 5620.552734; 2.382568; 1304; 284240.074254; 259066.663053
../../ALL_tsp/pr1002.tsp; MPI; 8 ; 2742.227783; 2710.153076; 11.789307; 1310; 281625.135121; 259066.663053
../../ALL_tsp/pr1002.tsp; OpenMP; 8 ;2856.240967; 2813.934570; 21.216797; 1298; 284356.219652; 259066.663053
../../ALL_tsp/pr1002.tsp; MPI; 16 ; 1526.139893; 1486.074707; 17.778809; 1302; 278238.407362; 259066.663053
../../ALL_tsp/pr1002.tsp; OpenMP; 16 ;1537.124023; 1498.424072; 16.562988; 1278; 287837.055598; 259066.663053
../../ALL_tsp/pr1002.tsp; MPI; 1 ; 19243.710938; 19225.019043; 0.654297; 1287; 292524.608630; 259066.663053
../../ALL_tsp/pr1002.tsp; OpenMP; 1 ;20564.714111; 20545.879395; 0.399902; 1306; 286241.475612; 259066.663053
../../ALL_tsp/pr1002.tsp; MPI; 2 ; 9785.941895; 9752.250244; 15.698975; 1286; 284055.374544; 259066.663053
../../ALL_tsp/pr1002.tsp; OpenMP; 2 ;10287.919189; 10252.553955; 16.374756; 1283; 282377.463201; 259066.663053
../../ALL_tsp/pr1002.tsp; MPI; 4 ; 5217.262939; 5176.109619; 22.143311; 1327; 280188.787580; 259066.663053
../../ALL_tsp/pr1002.tsp; OpenMP; 4 ;5317.523926; 5274.780273; 23.146973; 1301; 280453.456678; 259066.663053
../../ALL_tsp/pr1002.tsp; MPI; 8 ; 2680.729004; 2644.796631; 16.281738; 1288; 286468.416868; 259066.663053
../../ALL_tsp/pr1002.tsp; OpenMP; 8 ;2886.500977; 2853.233887; 12.026855; 1297; 280178.270895; 259066.663053
../../ALL_tsp/pr1002.tsp; MPI; 16 ; 1545.750000; 1500.392578; 22.310303; 1306; 287984.744130; 259066.663053
../../ALL_tsp/pr1002.tsp; OpenMP; 16 ;1672.420898; 1577.597412; 71.223633; 1316; 282644.871998; 259066.663053
../../ALL_tsp/pr1002.tsp; MPI; 1 ; 18876.157959; 18857.844727; 0.657471; 1262; 285221.417995; 259066.663053
../../ALL_tsp/pr1002.tsp; OpenMP; 1 ;20034.019043; 20015.705811; 0.376953; 1278; 284216.637432; 259066.663053
../../ALL_tsp/pr1002.tsp; MPI; 2 ; 9787.336182; 9753.940674; 15.125000; 1289; 285140.631574; 259066.663053
../../ALL_tsp/pr1002.tsp; OpenMP; 2 ;10431.521973; 10385.522705; 26.552734; 1297; 284414.223752; 259066.663053
../../ALL_tsp/pr1002.tsp; MPI; 4 ; 5127.412842; 5096.662109; 11.769043; 1295; 282406.578375; 259066.663053
../../ALL_tsp/pr1002.tsp; OpenMP; 4 ;5459.455078; 5436.649170; 2.373535; 1319; 288069.849794; 259066.663053
../../ALL_tsp/pr1002.tsp; MPI; 8 ; 2769.739990; 2725.032471; 24.076416; 1303; 281242.397774; 259066.663053
../../ALL_tsp/pr1002.tsp; OpenMP; 8 ;2907.752930; 2857.129639; 29.540283; 1296; 284462.066177; 259066.663053
../../ALL_tsp/pr1002.tsp; MPI; 16 ; 1511.662842; 1474.152832; 15.257812; 1296; 281221.358505; 259066.663053
../../ALL_tsp/pr1002.tsp; OpenMP; 16 ;1553.788086; 1504.706543; 26.662598; 1274; 285608.993763; 259066.663053
../../ALL_tsp/pr1002.tsp; MPI; 1 ; 19367.529053; 19348.638916; 0.650146; 1297; 288649.888132; 259066.663053
../../ALL_tsp/pr1002.tsp; OpenMP; 1 ;20002.858887; 19984.391113; 0.409424; 1270; 280827.130798; 259066.663053
../../ALL_tsp/pr1002.tsp; MPI; 2 ; 10036.488037; 10003.392090; 14.583252; 1307; 287102.302576; 259066.663053
../../ALL_tsp/pr1002.tsp; OpenMP; 2 ;10435.134033; 10394.247559; 21.195068; 1299; 280187.041369; 259066.663053
../../ALL_tsp/pr1002.tsp; MPI; 4 ; 5037.297852; 4990.336426; 28.031494; 1289; 286693.780076; 259066.663053
../../ALL_tsp/pr1002.tsp; OpenMP; 4 ;5328.556152; 5289.112061; 16.818359; 1302; 284227.839310; 259066.663053
../../ALL_tsp/pr1002.tsp; MPI; 8 ; 2747.823975; 2711.834717; 15.882812; 1318; 284298.394594; 259066.663053
../../ALL_tsp/pr1002.tsp; OpenMP; 8 ;2847.728027; 2814.860596; 11.951172; 1303; 281686.253267; 259066.663053
../../ALL_tsp/pr1002.tsp; MPI; 16 ; 1526.059082; 1483.895752; 19.651123; 1289; 285670.063667; 259066.663053
../../ALL_tsp/pr1002.tsp; OpenMP; 16 ;1575.694092; 1540.201904; 12.385254; 1324; 283758.598791; 259066.663053
../../ALL_tsp/pr1002.tsp; MPI; 1 ; 19200.822998; 19182.459961; 0.617920; 1281; 285956.351139; 259066.663053
../../ALL_tsp/pr1002.tsp; OpenMP; 1 ;20162.443115; 20144.097412; 0.389160; 1276; 286608.594899; 259066.663053
../../ALL_tsp/pr1002.tsp; MPI; 2 ; 10093.532959; 10060.706543; 14.029297; 1323; 280928.555159; 259066.663053
../../ALL_tsp/pr1002.tsp; OpenMP; 2 ;10165.377930; 10113.673584; 32.874023; 1271; 283413.529004; 259066.663053
../../ALL_tsp/pr1002.tsp; MPI; 4 ; 5094.803955; 5061.800049; 14.235107; 1296; 279771.389130; 259066.663053
../../ALL_tsp/pr1002.tsp; OpenMP; 4 ;5344.378906; 5259.999756; 64.845459; 1293; 285305.878472; 259066.663053
../../ALL_tsp/pr1002.tsp; MPI; 8 ; 2766.045898; 2732.010498; 13.203369; 1310; 282634.199907; 259066.663053
../../ALL_tsp/pr1002.tsp; OpenMP; 8 ;2942.489990; 2914.167236; 6.376221; 1323; 285699.126702; 259066.663053
../../ALL_tsp/pr1002.tsp; MPI; 16 ; 1577.166016; 1533.976318; 20.359619; 1304; 281759.130937; 259066.663053
../../ALL_tsp/pr1002.tsp; OpenMP; 16 ;1655.251953; 1624.361816; 7.005859; 1320; 284358.807634; 259066.663053
../../ALL_tsp/pr1002.tsp; MPI; 1 ; 19334.166992; 19315.447266; 0.728760; 1291; 284355.130066; 259066.663053
../../ALL_tsp/pr1002.tsp; OpenMP; 1 ;20324.926025; 20306.345215; 0.425049; 1297; 283245.386872; 259066.663053
../../ALL_tsp/pr1002.tsp; MPI; 2 ; 9938.270020; 9731.093018; 189.222900; 1281; 281677.480016; 259066.663053
../../ALL_tsp/pr1002.tsp; OpenMP; 2 ;10330.804932; 10212.475342; 99.443359; 1284; 283377.469665; 259066.663053
../../ALL_tsp/pr1002.tsp; MPI; 4 ; 5055.712158; 5023.092285; 13.815186; 1285; 285505.818390; 259066.663053
../../ALL_tsp/pr1002.tsp; OpenMP; 4 ;5443.583984; 5421.240723; 2.177246; 1333; 281748.278234; 259066.663053
../../ALL_tsp/pr1002.tsp; MPI; 8 ; 2737.626953; 2695.175781; 22.110596; 1305; 282823.464847; 259066.663053
../../ALL_tsp/pr1002.tsp; OpenMP; 8 ;2895.926025; 2853.728760; 20.775635; 1320; 280470.620811; 259066.663053
../../ALL_tsp/pr1002.tsp; MPI; 16 ; 1509.833984; 1467.287109; 20.441406; 1285; 281391.725506; 259066.663053
../../ALL_tsp/pr1002.tsp; OpenMP; 16 ;1596.161133; 1538.134033; 35.016113; 1322; 280975.107647; 259066.663053
../../ALL_tsp/pr1002.tsp; MPI; 1 ; 18973.245117; 18954.872803; 0.657471; 1267; 285391.749154; 259066.663053
../../ALL_tsp/pr1002.tsp; OpenMP; 1 ;20199.881104; 20181.189209; 0.400879; 1284; 284900.625925; 259066.663053
../../ALL_tsp/pr1002.tsp; MPI; 2 ; 9716.963867; 9680.202637; 18.663574; 1278; 283296.963594; 259066.663053
../../ALL_tsp/pr1002.tsp; OpenMP; 2 ;10908.039062; 10844.067627; 44.113281; 1352; 282280.617467; 259066.663053
../../ALL_tsp/pr1002.tsp; MPI; 4 ; 5044.873779; 5007.991699; 18.207520; 1277; 284818.370590; 259066.663053
../../ALL_tsp/pr1002.tsp; OpenMP; 4 ;5282.947021; 5165.943115; 97.675293; 1277; 281977.747367; 259066.663053
../../ALL_tsp/pr1002.tsp; MPI; 8 ; 2705.079102; 2673.561523; 11.513672; 1292; 286229.165504; 259066.663053
../../ALL_tsp/pr1002.tsp; OpenMP; 8 ;2917.531006; 2807.604248; 89.305908; 1293; 284537.040491; 259066.663053
../../ALL_tsp/pr1002.tsp; MPI; 16 ; 1576.593994; 1532.494385; 20.874756; 1300; 282798.571987; 259066.663053
../../ALL_tsp/pr1002.tsp; OpenMP; 16 ;1582.869141; 1512.876465; 48.206543; 1299; 283137.938309; 259066.663053
../../ALL_tsp/pr1002.tsp; MPI; 1 ; 19276.788086; 19258.176758; 0.669678; 1291; 283803.024101; 259066.663053
../../ALL_tsp/pr1002.tsp; OpenMP; 1 ;20492.806152; 20473.896484; 0.426514; 1301; 282781.448940; 259066.663053
../../ALL_tsp/pr1002.tsp; MPI; 2 ; 9951.534912; 9917.397461; 16.035889; 1309; 283637.469975; 259066.663053
../../ALL_tsp/pr1002.tsp; OpenMP; 2 ;10373.589844; 10332.731445; 20.432373; 1290; 283161.933933; 259066.663053
../../ALL_tsp/pr1002.tsp; MPI; 4 ; 5083.045166; 5023.213867; 41.057129; 1303; 282394.363684; 259066.663053
../../ALL_tsp/pr1002.tsp; OpenMP; 4 ;5260.635010; 5170.895264; 70.335205; 1269; 285825.326555; 259066.663053
../../ALL_tsp/pr1002.tsp; MPI; 8 ; 2674.025146; 2634.443604; 19.734619; 1282; 286402.076942; 259066.663053
../../ALL_tsp/pr1002.tsp; OpenMP; 8 ;2807.573975; 2777.484619; 9.185791; 1282; 287141.818687; 259066.663053
../../ALL_tsp/pr1002.tsp; MPI; 16 ; 1559.089111; 1518.350586; 17.572266; 1324; 280919.649053; 259066.663053
../../ALL_tsp/pr1002.tsp; OpenMP; 16 ;1686.507080; 1484.735840; 179.932373; 1297; 284345.996961; 259066.663053
../../ALL_tsp/pr1002.tsp; MPI; 1 ; 19323.821045; 19305.143311; 0.663330; 1290; 280786.902737; 259066.663053
../../ALL_tsp/pr1002.tsp; OpenMP; 1 ;19942.522949; 19923.975342; 0.433594; 1272; 288840.816246; 259066.663053
../../ALL_tsp/pr1002.tsp; MPI; 2 ; 10004.200928; 9863.171143; 122.631836; 1310; 278332.756830; 259066.663053
../../ALL_tsp/pr1002.tsp; OpenMP; 2 ;10603.174805; 10493.591797; 90.397705; 1285; 284546.619758; 259066.663053
../../ALL_tsp/pr1002.tsp; MPI; 4 ; 5083.592041; 5033.539062; 31.537109; 1302; 283218.991717; 259066.663053
../../ALL_tsp/pr1002.tsp; OpenMP; 4 ;5228.668945; 5206.191162; 2.781982; 1266; 289230.088222; 259066.663053
../../ALL_tsp/pr1002.tsp; MPI; 8 ; 2734.756104; 2687.125000; 27.357422; 1287; 281803.668234; 259066.663053
../../ALL_tsp/pr1002.tsp; OpenMP; 8 ;2818.395020; 2772.179443; 25.666260; 1285; 287176.242899; 259066.663053
../../ALL_tsp/pr1002.tsp; MPI; 16 ; 1492.251953; 1451.616699; 18.548096; 1275; 281374.447079; 259066.663053
../../ALL_tsp/pr1002.tsp; OpenMP; 16 ;1552.739014; 1518.114990; 12.287842; 1305; 288094.615198; 259066.663053
../../ALL_tsp/rl11849.tsp; MPI; 4 ; 9597072.826904; 9548294.337646; 45681.753174; 18116; 1054310.005080; 0.000000
../../ALL_tsp/rl11849.tsp; MPI; 8 ; 4932443.749023; 4899585.945068; 29704.652100; 18104; 1044994.686768; 0.000000
../../ALL_tsp/rl11849.tsp; MPI; 16 ; 2608103.584961; 2590550.718262; 14202.817627; 18039; 1055978.274227; 0.000000
../../ALL_tsp/rl11849.tsp; MPI; 4 ; 9597072.826904; 9548294.337646; 45681.753174; 18116; 1054310.005080; 0.000000
../../ALL_tsp/rl11849.tsp; MPI; 8 ; 4932443.749023; 4899585.945068; 29704.652100; 18104; 1044994.686768; 0.000000
../../ALL_tsp/rl11849.tsp; MPI; 16 ; 2608103.584961; 2590550.718262; 14202.817627; 18039; 1055978.274227; 0.000000
