../../ALL_tsp/att48.tsp; MPI; 1 ; 4.061035; 3.913086; 0.053711; 44; 33966.140476; 33523.708507
../../ALL_tsp/att48.tsp; OpenMP; 1 ;3.854980; 3.743408; 0.025635; 40; 34347.504114; 33523.708507
../../ALL_tsp/att48.tsp; MPI; 2 ; 2.597900; 1.993652; 0.503418; 44; 34053.018498; 33523.708507
../../ALL_tsp/att48.tsp; OpenMP; 2 ;2.638184; 2.413574; 0.057129; 48; 34601.683658; 33523.708507
../../ALL_tsp/att48.tsp; MPI; 4 ; 1.959961; 1.049072; 0.808350; 44; 34053.018498; 33523.708507
../../ALL_tsp/att48.tsp; OpenMP; 4 ;2.574951; 1.358154; 0.054199; 48; 34601.683658; 33523.708507
../../ALL_tsp/att48.tsp; MPI; 8 ; 2.146973; 0.633789; 1.396729; 49; 35794.826463; 33523.708507
../../ALL_tsp/att48.tsp; OpenMP; 8 ;3.754150; 0.777588; 0.075684; 43; 35474.555555; 33523.708507
../../ALL_tsp/att48.tsp; MPI; 16 ; 1.827148; 0.360352; 1.345459; 47; 34076.624897; 33523.708507
../../ALL_tsp/att48.tsp; OpenMP; 16 ;93.141846; 0.499756; 0.108643; 41; 36108.323707; 33523.708507
../../ALL_tsp/att48.tsp; MPI; 1 ; 4.794922; 4.631592; 0.055176; 52; 35049.277331; 33523.708507
../../ALL_tsp/att48.tsp; OpenMP; 1 ;4.072998; 3.949951; 0.023926; 42; 35513.271164; 33523.708507
../../ALL_tsp/att48.tsp; MPI; 2 ; 3.061035; 2.363525; 0.576416; 52; 35049.277331; 33523.708507
../../ALL_tsp/att48.tsp; OpenMP; 2 ;2.358154; 2.113037; 0.077393; 42; 35513.271164; 33523.708507
../../ALL_tsp/att48.tsp; MPI; 4 ; 2.280029; 1.233154; 0.931885; 52; 35049.277331; 33523.708507
../../ALL_tsp/att48.tsp; OpenMP; 4 ;2.267090; 1.240967; 0.053467; 42; 35513.271164; 33523.708507
../../ALL_tsp/att48.tsp; MPI; 8 ; 1.895996; 0.573730; 1.209717; 44; 35051.359520; 33523.708507
../../ALL_tsp/att48.tsp; OpenMP; 8 ;1.414062; 0.789307; 0.058350; 44; 34193.275251; 33523.708507
../../ALL_tsp/att48.tsp; MPI; 16 ; 1.788086; 0.342773; 1.333740; 46; 35358.049594; 33523.708507
../../ALL_tsp/att48.tsp; OpenMP; 16 ;3.134033; 0.565186; 2.091797; 46; 35530.348338; 33523.708507
../../ALL_tsp/att48.tsp; MPI; 1 ; 4.055908; 3.908203; 0.057129; 44; 34801.991894; 33523.708507
../../ALL_tsp/att48.tsp; OpenMP; 1 ;4.362061; 4.220947; 0.026855; 45; 34274.414385; 33523.708507
../../ALL_tsp/att48.tsp; MPI; 2 ; 2.619141; 2.004639; 0.518311; 44; 34801.991894; 33523.708507
../../ALL_tsp/att48.tsp; OpenMP; 2 ;2.498047; 2.272705; 0.063721; 45; 34274.414385; 33523.708507
../../ALL_tsp/att48.tsp; MPI; 4 ; 1.946045; 1.038086; 0.808594; 44; 34801.991894; 33523.708507
../../ALL_tsp/att48.tsp; OpenMP; 4 ;2.403076; 1.269775; 0.057129; 45; 34274.414385; 33523.708507
../../ALL_tsp/att48.tsp; MPI; 8 ; 1.906982; 0.587646; 1.211182; 45; 34245.782522; 33523.708507
../../ALL_tsp/att48.tsp; OpenMP; 8 ;1.452881; 0.796387; 0.124268; 43; 35704.987716; 33523.708507
../../ALL_tsp/att48.tsp; MPI; 16 ; 1.688965; 0.324219; 1.253174; 43; 34103.469761; 33523.708507
../../ALL_tsp/att48.tsp; OpenMP; 16 ;1.194092; 0.531982; 0.172852; 42; 34602.512851; 33523.708507
../../ALL_tsp/att48.tsp; MPI; 1 ; 3.949951; 3.808838; 0.052246; 43; 34841.143121; 33523.708507
../../ALL_tsp/att48.tsp; OpenMP; 1 ;4.173096; 4.048828; 0.028809; 43; 34955.064877; 33523.708507
../../ALL_tsp/att48.tsp; MPI; 2 ; 2.498047; 1.959229; 0.443115; 43; 34841.143121; 33523.708507
../../ALL_tsp/att48.tsp; OpenMP; 2 ;2.380127; 2.166504; 0.057617; 43; 34955.064877; 33523.708507
../../ALL_tsp/att48.tsp; MPI; 4 ; 1.928955; 1.022949; 0.811035; 43; 34841.143121; 33523.708507
../../ALL_tsp/att48.tsp; OpenMP; 4 ;2.330811; 1.237061; 0.072510; 43; 35015.948123; 33523.708507
../../ALL_tsp/att48.tsp; MPI; 8 ; 2.238037; 0.671387; 1.440430; 52; 34410.739136; 33523.708507
../../ALL_tsp/att48.tsp; OpenMP; 8 ;1.483154; 0.782715; 0.060791; 43; 35015.948123; 33523.708507
../../ALL_tsp/att48.tsp; MPI; 16 ; 1.687988; 0.321533; 1.267090; 43; 33883.979889; 33523.708507
../../ALL_tsp/att48.tsp; OpenMP; 16 ;127.218018; 0.574707; 0.124023; 48; 34642.080133; 33523.708507
../../ALL_tsp/att48.tsp; MPI; 1 ; 4.151123; 3.998047; 0.051514; 45; 34001.769744; 33523.708507
../../ALL_tsp/att48.tsp; OpenMP; 1 ;3.762207; 3.639648; 0.029053; 39; 35673.587453; 33523.708507
../../ALL_tsp/att48.tsp; MPI; 2 ; 2.672852; 2.036377; 0.532471; 45; 34001.769744; 33523.708507
../../ALL_tsp/att48.tsp; OpenMP; 2 ;2.170898; 1.972412; 0.057861; 39; 35673.587453; 33523.708507
../../ALL_tsp/att48.tsp; MPI; 4 ; 1.741943; 0.917725; 0.733154; 39; 34382.099804; 33523.708507
../../ALL_tsp/att48.tsp; OpenMP; 4 ;2.602783; 1.375000; 0.078857; 47; 34742.026550; 33523.708507
../../ALL_tsp/att48.tsp; MPI; 8 ; 1.714111; 0.500244; 1.117676; 39; 34382.099804; 33523.708507
../../ALL_tsp/att48.tsp; OpenMP; 8 ;1.631104; 0.856445; 0.070312; 47; 34742.026550; 33523.708507
../../ALL_tsp/att48.tsp; MPI; 16 ; 1.598145; 0.308594; 1.187500; 41; 34752.696663; 33523.708507
../../ALL_tsp/att48.tsp; OpenMP; 16 ;1.303955; 0.555420; 0.292236; 45; 34887.318239; 33523.708507
../../ALL_tsp/att48.tsp; MPI; 1 ; 4.451904; 4.286133; 0.056152; 48; 34712.319908; 33523.708507
../../ALL_tsp/att48.tsp; OpenMP; 1 ;4.362061; 4.234863; 0.025635; 45; 34887.318239; 33523.708507
../../ALL_tsp/att48.tsp; MPI; 2 ; 2.781006; 2.243896; 0.422607; 48; 34712.319908; 33523.708507
../../ALL_tsp/att48.tsp; OpenMP; 2 ;2.365967; 2.195801; 0.061523; 45; 34887.318239; 33523.708507
../../ALL_tsp/att48.tsp; MPI; 4 ; 1.769043; 0.962646; 0.711182; 41; 34782.121882; 33523.708507
../../ALL_tsp/att48.tsp; OpenMP; 4 ;2.230957; 1.214355; 0.055420; 42; 34593.989035; 33523.708507
../../ALL_tsp/att48.tsp; MPI; 8 ; 1.786133; 0.528076; 1.163086; 41; 34782.121882; 33523.708507
../../ALL_tsp/att48.tsp; OpenMP; 8 ;1.460938; 0.730957; 0.053467; 42; 34593.989035; 33523.708507
../../ALL_tsp/att48.tsp; MPI; 16 ; 2.218018; 0.688721; 1.410889; 49; 34083.858025; 33523.708507
../../ALL_tsp/att48.tsp; OpenMP; 16 ;1.161133; 0.503906; 0.208984; 40; 34442.527448; 33523.708507
../../ALL_tsp/att48.tsp; MPI; 1 ; 3.765869; 3.632812; 0.045898; 41; 36118.749125; 33523.708507
../../ALL_tsp/att48.tsp; OpenMP; 1 ;3.867920; 3.746826; 0.021973; 40; 34442.527448; 33523.708507
../../ALL_tsp/att48.tsp; MPI; 2 ; 2.370117; 1.859375; 0.409912; 41; 36118.749125; 33523.708507
../../ALL_tsp/att48.tsp; OpenMP; 2 ;2.218018; 2.007812; 0.058838; 40; 34442.527448; 33523.708507
../../ALL_tsp/att48.tsp; MPI; 4 ; 1.900879; 1.056396; 0.735107; 44; 34460.069576; 33523.708507
../../ALL_tsp/att48.tsp; OpenMP; 4 ;1.425049; 1.212158; 0.047119; 42; 35316.766277; 33523.708507
../../ALL_tsp/att48.tsp; MPI; 8 ; 1.900146; 0.567871; 1.228760; 44; 34460.069576; 33523.708507
../../ALL_tsp/att48.tsp; OpenMP; 8 ;1.399902; 0.728271; 0.052734; 42; 35316.766277; 33523.708507
../../ALL_tsp/att48.tsp; MPI; 16 ; 1.523926; 0.293945; 1.133545; 39; 35512.121550; 33523.708507
../../ALL_tsp/att48.tsp; OpenMP; 16 ;1.329834; 0.560059; 0.273926; 45; 34946.680639; 33523.708507
../../ALL_tsp/att48.tsp; MPI; 1 ; 4.683105; 4.528564; 0.054688; 51; 34408.069979; 33523.708507
../../ALL_tsp/att48.tsp; OpenMP; 1 ;4.337158; 4.210449; 0.024170; 45; 34946.680639; 33523.708507
../../ALL_tsp/att48.tsp; MPI; 2 ; 3.016113; 2.311523; 0.584961; 51; 34408.069979; 33523.708507
../../ALL_tsp/att48.tsp; OpenMP; 2 ;2.506836; 2.271484; 0.062988; 45; 34946.680639; 33523.708507
../../ALL_tsp/att48.tsp; MPI; 4 ; 1.970947; 1.045654; 0.819580; 44; 36374.580174; 33523.708507
../../ALL_tsp/att48.tsp; OpenMP; 4 ;2.051025; 1.139160; 0.055420; 39; 34609.044696; 33523.708507
../../ALL_tsp/att48.tsp; MPI; 8 ; 1.839111; 0.567139; 1.164551; 44; 36374.580174; 33523.708507
../../ALL_tsp/att48.tsp; OpenMP; 8 ;19.846924; 0.677246; 0.047852; 39; 34609.044696; 33523.708507
../../ALL_tsp/att48.tsp; MPI; 16 ; 1.557861; 0.300293; 1.160156; 40; 35494.526185; 33523.708507
../../ALL_tsp/att48.tsp; OpenMP; 16 ;1.583984; 0.804932; 0.336426; 47; 33716.600431; 33523.708507
../../ALL_tsp/att48.tsp; MPI; 1 ; 3.669922; 3.539551; 0.041504; 40; 35494.526185; 33523.708507
../../ALL_tsp/att48.tsp; OpenMP; 1 ;4.539062; 4.406738; 0.025879; 47; 33716.600431; 33523.708507
../../ALL_tsp/att48.tsp; MPI; 2 ; 2.358154; 1.829102; 0.430664; 40; 35494.526185; 33523.708507
../../ALL_tsp/att48.tsp; OpenMP; 2 ;2.608154; 2.372803; 0.053955; 47; 33716.600431; 33523.708507
../../ALL_tsp/att48.tsp; MPI; 4 ; 1.811035; 0.932861; 0.788574; 39; 34537.605798; 33523.708507
../../ALL_tsp/att48.tsp; OpenMP; 4 ;1.528809; 1.271729; 0.064697; 43; 34351.002506; 33523.708507
../../ALL_tsp/att48.tsp; MPI; 8 ; 1.809082; 0.525391; 1.173340; 39; 34537.605798; 33523.708507
../../ALL_tsp/att48.tsp; OpenMP; 8 ;1.424072; 0.773926; 0.117432; 43; 34351.002506; 33523.708507
../../ALL_tsp/att48.tsp; MPI; 16 ; 1.583984; 0.304932; 1.184570; 40; 35398.816242; 33523.708507
../../ALL_tsp/att48.tsp; OpenMP; 16 ;1.139893; 0.520996; 0.091553; 40; 34673.662240; 33523.708507
../../ALL_tsp/att48.tsp; MPI; 1 ; 3.682861; 3.549072; 0.046387; 40; 35398.816242; 33523.708507
../../ALL_tsp/att48.tsp; OpenMP; 1 ;3.846191; 3.726318; 0.023682; 40; 34673.662240; 33523.708507
../../ALL_tsp/att48.tsp; MPI; 2 ; 2.389160; 1.839600; 0.451172; 40; 35398.816242; 33523.708507
../../ALL_tsp/att48.tsp; OpenMP; 2 ;2.243164; 2.006104; 0.053955; 40; 34673.662240; 33523.708507
../../ALL_tsp/att48.tsp; MPI; 4 ; 1.749023; 0.941650; 0.722656; 39; 35821.198573; 33523.708507
../../ALL_tsp/att48.tsp; OpenMP; 4 ;1.375000; 1.164062; 0.050293; 40; 35691.376223; 33523.708507
../../ALL_tsp/att48.tsp; MPI; 8 ; 1.683838; 0.501221; 1.085938; 39; 35821.198573; 33523.708507
../../ALL_tsp/att48.tsp; OpenMP; 8 ;1.035889; 0.701416; 0.053711; 40; 35691.376223; 33523.708507
../../ALL_tsp/att48.tsp; MPI; 16 ; 1.777100; 0.339111; 1.324951; 45; 34941.192730; 33523.708507
../../ALL_tsp/att48.tsp; OpenMP; 16 ;171.770020; 0.820801; 23.183105; 47; 34124.003885; 33523.708507
../../ALL_tsp/rd100.tsp; MPI; 1 ; 43.200928; 42.613770; 0.112061; 108; 8799.382939; 7910.396210
../../ALL_tsp/rd100.tsp; OpenMP; 1 ;45.395996; 44.897461; 0.034912; 108; 8664.859448; 7910.396210
../../ALL_tsp/rd100.tsp; MPI; 2 ; 22.039795; 20.642334; 0.922852; 103; 9103.041650; 7910.396210
../../ALL_tsp/rd100.tsp; OpenMP; 2 ;23.645996; 23.002930; 0.100830; 103; 8876.907549; 7910.396210
../../ALL_tsp/rd100.tsp; MPI; 4 ; 12.482910; 10.575684; 1.444092; 103; 9103.041650; 7910.396210
../../ALL_tsp/rd100.tsp; OpenMP; 4 ;22.239990; 11.651611; 0.113281; 103; 8876.907549; 7910.396210
../../ALL_tsp/rd100.tsp; MPI; 8 ; 8.559814; 5.532471; 2.526611; 104; 8411.610422; 7910.396210
../../ALL_tsp/rd100.tsp; OpenMP; 8 ;12.638184; 5.758545; 0.106689; 95; 8527.085981; 7910.396210
../../ALL_tsp/rd100.tsp; MPI; 16 ; 6.318848; 3.200195; 2.616211; 111; 8925.482841; 7910.396210
../../ALL_tsp/rd100.tsp; OpenMP; 16 ;6.470215; 3.341064; 0.264648; 97; 8685.250938; 7910.396210
../../ALL_tsp/rd100.tsp; MPI; 1 ; 44.797119; 44.205078; 0.102295; 111; 8925.482841; 7910.396210
../../ALL_tsp/rd100.tsp; OpenMP; 1 ;40.912109; 40.457275; 0.033936; 97; 8685.250938; 7910.396210
../../ALL_tsp/rd100.tsp; MPI; 2 ; 21.994873; 20.625488; 0.896240; 103; 8515.918763; 7910.396210
../../ALL_tsp/rd100.tsp; OpenMP; 2 ;23.518066; 22.834229; 0.110840; 107; 8589.314384; 7910.396210
../../ALL_tsp/rd100.tsp; MPI; 4 ; 12.490967; 10.522705; 1.482422; 103; 8515.918763; 7910.396210
../../ALL_tsp/rd100.tsp; OpenMP; 4 ;12.724854; 11.962402; 0.130127; 107; 8589.314384; 7910.396210
../../ALL_tsp/rd100.tsp; MPI; 8 ; 8.914062; 5.953369; 2.476318; 105; 8785.153037; 7910.396210
../../ALL_tsp/rd100.tsp; OpenMP; 8 ;10.549072; 6.103271; 0.130127; 101; 8577.031471; 7910.396210
../../ALL_tsp/rd100.tsp; MPI; 16 ; 6.051025; 3.018066; 2.549561; 105; 8972.060030; 7910.396210
../../ALL_tsp/rd100.tsp; OpenMP; 16 ;169.097168; 1.847900; 0.058350; 104; 8405.455038; 7910.396210
../../ALL_tsp/rd100.tsp; MPI; 1 ; 26.965820; 26.591064; 0.068359; 101; 9143.389997; 7910.396210
../../ALL_tsp/rd100.tsp; OpenMP; 1 ;41.568115; 41.091553; 0.038086; 98; 8931.774301; 7910.396210
../../ALL_tsp/rd100.tsp; MPI; 2 ; 22.028076; 20.614990; 0.934326; 101; 9143.389997; 7910.396210
../../ALL_tsp/rd100.tsp; OpenMP; 2 ;21.897949; 21.268555; 0.100830; 98; 8931.774301; 7910.396210
../../ALL_tsp/rd100.tsp; MPI; 4 ; 13.302002; 11.069580; 1.757080; 105; 8671.911150; 7910.396210
../../ALL_tsp/rd100.tsp; OpenMP; 4 ;13.669922; 10.864746; 0.105713; 97; 8736.142271; 7910.396210
../../ALL_tsp/rd100.tsp; MPI; 8 ; 8.592041; 5.580811; 2.527832; 105; 8671.911150; 7910.396210
../../ALL_tsp/rd100.tsp; OpenMP; 8 ;10.378174; 5.811035; 0.073975; 97; 8736.142271; 7910.396210
../../ALL_tsp/rd100.tsp; MPI; 16 ; 5.639893; 2.850342; 2.352295; 99; 8743.958743; 7910.396210
../../ALL_tsp/rd100.tsp; OpenMP; 16 ;7.706055; 6.508545; 0.249268; 107; 8563.639111; 7910.396210
../../ALL_tsp/rd100.tsp; MPI; 1 ; 40.032959; 39.491455; 0.102051; 99; 8743.958743; 7910.396210
../../ALL_tsp/rd100.tsp; OpenMP; 1 ;44.997070; 44.487061; 0.037598; 107; 8563.639111; 7910.396210
../../ALL_tsp/rd100.tsp; MPI; 2 ; 21.196045; 19.833252; 0.904785; 99; 8743.958743; 7910.396210
../../ALL_tsp/rd100.tsp; OpenMP; 2 ;23.437988; 22.754883; 0.096191; 107; 8563.639111; 7910.396210
../../ALL_tsp/rd100.tsp; MPI; 4 ; 13.077881; 10.910645; 1.661133; 107; 8440.209605; 7910.396210
../../ALL_tsp/rd100.tsp; OpenMP; 4 ;12.123047; 11.154297; 0.114990; 99; 8358.114283; 7910.396210
../../ALL_tsp/rd100.tsp; MPI; 8 ; 8.757080; 5.704102; 2.554443; 107; 8440.209605; 7910.396210
../../ALL_tsp/rd100.tsp; OpenMP; 8 ;10.645020; 6.587891; 0.130371; 109; 8170.520491; 7910.396210
../../ALL_tsp/rd100.tsp; MPI; 16 ; 5.613037; 2.811279; 2.371826; 98; 8499.174459; 7910.396210
../../ALL_tsp/rd100.tsp; OpenMP; 16 ;7.895996; 3.350098; 0.182129; 97; 8477.687331; 7910.396210
../../ALL_tsp/rd100.tsp; MPI; 1 ; 39.502930; 39.002686; 0.103027; 98; 8499.174459; 7910.396210
../../ALL_tsp/rd100.tsp; OpenMP; 1 ;41.191895; 40.722900; 0.035889; 97; 8477.687331; 7910.396210
../../ALL_tsp/rd100.tsp; MPI; 2 ; 20.980957; 19.626709; 0.912598; 98; 8499.174459; 7910.396210
../../ALL_tsp/rd100.tsp; OpenMP; 2 ;21.810791; 21.085449; 0.094238; 99; 8816.962929; 7910.396210
../../ALL_tsp/rd100.tsp; MPI; 4 ; 13.476807; 11.229248; 1.740723; 110; 8597.386235; 7910.396210
../../ALL_tsp/rd100.tsp; OpenMP; 4 ;12.143799; 11.182861; 0.120850; 99; 8816.962929; 7910.396210
../../ALL_tsp/rd100.tsp; MPI; 8 ; 7.397949; 4.844238; 2.149902; 91; 9052.309002; 7910.396210
../../ALL_tsp/rd100.tsp; OpenMP; 8 ;11.177002; 5.693359; 0.069092; 95; 8380.366477; 7910.396210
../../ALL_tsp/rd100.tsp; MPI; 16 ; 5.833984; 2.911621; 2.463379; 101; 8144.496703; 7910.396210
../../ALL_tsp/rd100.tsp; OpenMP; 16 ;7.087158; 3.715088; 0.240234; 107; 8850.812543; 7910.396210
../../ALL_tsp/rd100.tsp; MPI; 1 ; 40.423096; 39.890137; 0.086182; 101; 8144.496703; 7910.396210
../../ALL_tsp/rd100.tsp; OpenMP; 1 ;45.321045; 44.809326; 0.045898; 107; 8850.812543; 7910.396210
../../ALL_tsp/rd100.tsp; MPI; 2 ; 24.797852; 23.052002; 1.227051; 115; 8650.034597; 7910.396210
../../ALL_tsp/rd100.tsp; OpenMP; 2 ;22.873047; 22.200684; 0.113037; 104; 8460.138446; 7910.396210
../../ALL_tsp/rd100.tsp; MPI; 4 ; 14.016113; 11.758301; 1.744141; 115; 8650.034597; 7910.396210
../../ALL_tsp/rd100.tsp; OpenMP; 4 ;15.384033; 11.728027; 0.122314; 104; 8460.138446; 7910.396210
../../ALL_tsp/rd100.tsp; MPI; 8 ; 8.427002; 5.329590; 2.623535; 100; 9019.761120; 7910.396210
../../ALL_tsp/rd100.tsp; OpenMP; 8 ;12.898926; 6.868896; 0.148193; 114; 8658.210731; 7910.396210
../../ALL_tsp/rd100.tsp; MPI; 16 ; 6.035889; 2.962158; 2.575928; 103; 8694.641048; 7910.396210
../../ALL_tsp/rd100.tsp; OpenMP; 16 ;22.267822; 6.378906; 0.209473; 107; 8389.245761; 7910.396210
../../ALL_tsp/rd100.tsp; MPI; 1 ; 41.229004; 40.683594; 0.107422; 103; 8694.641048; 7910.396210
../../ALL_tsp/rd100.tsp; OpenMP; 1 ;44.267822; 43.750488; 0.042969; 105; 8640.542284; 7910.396210
../../ALL_tsp/rd100.tsp; MPI; 2 ; 22.807861; 21.249756; 1.065674; 106; 8750.737885; 7910.396210
../../ALL_tsp/rd100.tsp; OpenMP; 2 ;23.140137; 22.452148; 0.111816; 105; 8640.542284; 7910.396210
../../ALL_tsp/rd100.tsp; MPI; 4 ; 13.151123; 10.882080; 1.785645; 106; 8750.737885; 7910.396210
../../ALL_tsp/rd100.tsp; OpenMP; 4 ;21.342041; 11.225098; 0.131104; 99; 8414.441380; 7910.396210
../../ALL_tsp/rd100.tsp; MPI; 8 ; 7.761963; 5.095215; 2.236084; 96; 8999.848550; 7910.396210
../../ALL_tsp/rd100.tsp; OpenMP; 8 ;6.665039; 5.926270; 0.177734; 99; 8414.441380; 7910.396210
../../ALL_tsp/rd100.tsp; MPI; 16 ; 5.932861; 2.955322; 2.489502; 103; 8532.503860; 7910.396210
../../ALL_tsp/rd100.tsp; OpenMP; 16 ;6.504883; 3.375488; 0.260010; 94; 8481.160692; 7910.396210
../../ALL_tsp/rd100.tsp; MPI; 1 ; 38.759033; 38.274170; 0.092773; 96; 8281.196663; 7910.396210
../../ALL_tsp/rd100.tsp; OpenMP; 1 ;50.021973; 49.088623; 0.080566; 118; 8581.671038; 7910.396210
../../ALL_tsp/rd100.tsp; MPI; 2 ; 20.503906; 19.248779; 0.855469; 96; 8281.196663; 7910.396210
../../ALL_tsp/rd100.tsp; OpenMP; 2 ;25.870117; 25.140381; 0.107422; 118; 8581.671038; 7910.396210
../../ALL_tsp/rd100.tsp; MPI; 4 ; 12.135010; 10.106445; 1.612793; 99; 8824.378843; 7910.396210
../../ALL_tsp/rd100.tsp; OpenMP; 4 ;14.088135; 13.023926; 0.124023; 115; 8680.353656; 7910.396210
../../ALL_tsp/rd100.tsp; MPI; 8 ; 8.373047; 5.637695; 2.309814; 99; 8824.378843; 7910.396210
../../ALL_tsp/rd100.tsp; OpenMP; 8 ;13.212891; 12.343506; 0.053223; 115; 8680.353656; 7910.396210
../../ALL_tsp/rd100.tsp; MPI; 16 ; 5.972900; 2.985107; 2.514893; 104; 8830.880156; 7910.396210
../../ALL_tsp/rd100.tsp; OpenMP; 16 ;189.535889; 3.351562; 0.199219; 105; 8491.822931; 7910.396210
../../ALL_tsp/rd100.tsp; MPI; 1 ; 26.282959; 25.922119; 0.059326; 104; 8830.880156; 7910.396210
../../ALL_tsp/rd100.tsp; OpenMP; 1 ;44.593994; 44.098633; 0.051514; 105; 8491.822931; 7910.396210
../../ALL_tsp/rd100.tsp; MPI; 2 ; 22.610840; 20.791748; 1.330078; 104; 8830.880156; 7910.396210
../../ALL_tsp/rd100.tsp; OpenMP; 2 ;22.363037; 21.709473; 0.085693; 102; 8683.405594; 7910.396210
../../ALL_tsp/rd100.tsp; MPI; 4 ; 12.991943; 10.862549; 1.640137; 103; 8711.007601; 7910.396210
../../ALL_tsp/rd100.tsp; OpenMP; 4 ;12.950928; 11.947510; 0.115234; 102; 8683.405594; 7910.396210
../../ALL_tsp/rd100.tsp; MPI; 8 ; 8.997070; 5.796143; 2.697021; 109; 8133.764210; 7910.396210
../../ALL_tsp/rd100.tsp; OpenMP; 8 ;7.771973; 6.309814; 0.089111; 105; 8195.841290; 7910.396210
../../ALL_tsp/rd100.tsp; MPI; 16 ; 5.590820; 2.816406; 2.351807; 98; 8574.662278; 7910.396210
../../ALL_tsp/rd100.tsp; OpenMP; 16 ;6.508057; 3.654785; 0.424805; 105; 8410.938111; 7910.396210
../../ALL_tsp/rd100.tsp; MPI; 1 ; 39.212891; 38.696289; 0.101807; 98; 8574.662278; 7910.396210
../../ALL_tsp/rd100.tsp; OpenMP; 1 ;44.454102; 43.953857; 0.040283; 105; 8410.938111; 7910.396210
../../ALL_tsp/rd100.tsp; MPI; 2 ; 22.382080; 21.008057; 0.875977; 105; 8599.901076; 7910.396210
../../ALL_tsp/rd100.tsp; OpenMP; 2 ;22.636230; 21.919922; 0.124268; 103; 8760.322399; 7910.396210
../../ALL_tsp/rd100.tsp; MPI; 4 ; 12.854980; 10.699951; 1.664307; 105; 8599.901076; 7910.396210
../../ALL_tsp/rd100.tsp; OpenMP; 4 ;12.780029; 11.720459; 0.120361; 103; 8760.322399; 7910.396210
../../ALL_tsp/rd100.tsp; MPI; 8 ; 8.410889; 5.489014; 2.448486; 102; 8498.595991; 7910.396210
../../ALL_tsp/rd100.tsp; OpenMP; 8 ;11.913818; 6.315430; 0.109131; 106; 9153.266587; 7910.396210
../../ALL_tsp/rd100.tsp; MPI; 16 ; 5.850830; 2.902344; 2.482910; 101; 8650.676367; 7910.396210
../../ALL_tsp/rd100.tsp; OpenMP; 16 ;6.552002; 3.575195; 0.281494; 102; 8423.674493; 7910.396210
../../ALL_tsp/pr1002.tsp; MPI; 1 ; 19288.285156; 19269.754639; 0.723877; 1285; 280215.899091; 259066.663053
../../ALL_tsp/pr1002.tsp; OpenMP; 1 ;20336.510986; 20317.585449; 0.206787; 1296; 283621.447970; 259066.663053
../../ALL_tsp/pr1002.tsp; MPI; 2 ; 9878.481934; 9849.641602; 10.797852; 1299; 287280.996634; 259066.663053
../../ALL_tsp/pr1002.tsp; OpenMP; 2 ;10400.016113; 10327.422852; 1.416504; 1297; 281242.177629; 259066.663053
../../ALL_tsp/pr1002.tsp; MPI; 4 ; 5088.840088; 5058.390137; 11.463379; 1287; 287759.039637; 259066.663053
../../ALL_tsp/pr1002.tsp; OpenMP; 4 ;5402.984131; 5335.729004; 1.332764; 1293; 287897.031620; 259066.663053
../../ALL_tsp/pr1002.tsp; MPI; 8 ; 2720.666992; 2666.358643; 34.560059; 1296; 286096.816459; 259066.663053
../../ALL_tsp/pr1002.tsp; OpenMP; 8 ;2882.370117; 2782.504395; 0.310303; 1268; 285363.605897; 259066.663053
../../ALL_tsp/pr1002.tsp; MPI; 16 ; 1501.866943; 1466.427246; 13.554443; 1295; 287493.050922; 259066.663053
../../ALL_tsp/pr1002.tsp; OpenMP; 16 ;2744.177002; 1462.957031; 0.416260; 1301; 280509.505388; 259066.663053
../../ALL_tsp/pr1002.tsp; MPI; 1 ; 19070.278076; 19051.678711; 0.713867; 1275; 285064.122254; 259066.663053
../../ALL_tsp/pr1002.tsp; OpenMP; 1 ;20437.500977; 20418.799072; 0.185547; 1302; 282101.945466; 259066.663053
../../ALL_tsp/pr1002.tsp; MPI; 2 ; 10223.513184; 10190.736572; 13.606201; 1338; 278196.201387; 259066.663053
../../ALL_tsp/pr1002.tsp; OpenMP; 2 ;10392.774902; 10338.621094; 1.670654; 1298; 285239.099067; 259066.663053
../../ALL_tsp/pr1002.tsp; MPI; 4 ; 5160.109863; 5126.330566; 14.755615; 1305; 286491.330997; 259066.663053
../../ALL_tsp/pr1002.tsp; OpenMP; 4 ;5318.854980; 5284.644043; 0.332520; 1297; 288590.286638; 259066.663053
../../ALL_tsp/pr1002.tsp; MPI; 8 ; 2715.893066; 2651.823242; 44.135986; 1292; 285281.668165; 259066.663053
../../ALL_tsp/pr1002.tsp; OpenMP; 8 ;2867.683838; 2835.228027; 0.406982; 1306; 284355.681333; 259066.663053
../../ALL_tsp/pr1002.tsp; MPI; 16 ; 1478.781982; 1443.024414; 14.412354; 1273; 285718.804230; 259066.663053
../../ALL_tsp/pr1002.tsp; OpenMP; 16 ;2835.802979; 1493.714600; 0.283936; 1300; 279383.478517; 259066.663053
../../ALL_tsp/pr1002.tsp; MPI; 1 ; 19387.745850; 19368.935791; 0.800537; 1301; 287697.252113; 259066.663053
../../ALL_tsp/pr1002.tsp; OpenMP; 1 ;20173.016113; 20154.515137; 0.202148; 1284; 284040.950043; 259066.663053
../../ALL_tsp/pr1002.tsp; MPI; 2 ; 9797.703125; 9772.207520; 7.387695; 1280; 284576.387925; 259066.663053
../../ALL_tsp/pr1002.tsp; OpenMP; 2 ;10535.156006; 10494.708984; 1.539795; 1310; 281239.982801; 259066.663053
../../ALL_tsp/pr1002.tsp; MPI; 4 ; 5096.772949; 5024.543213; 53.570068; 1301; 285661.143955; 259066.663053
../../ALL_tsp/pr1002.tsp; OpenMP; 4 ;5320.661865; 5235.777100; 1.337646; 1279; 285081.632957; 259066.663053
../../ALL_tsp/pr1002.tsp; MPI; 8 ; 2726.282959; 2690.233643; 15.928955; 1296; 283864.969641; 259066.663053
../../ALL_tsp/pr1002.tsp; OpenMP; 8 ;2943.354980; 2753.476074; 0.370850; 1266; 287047.830042; 259066.663053
../../ALL_tsp/pr1002.tsp; MPI; 16 ; 1562.860107; 1522.916260; 17.333008; 1304; 287603.536050; 259066.663053
../../ALL_tsp/pr1002.tsp; OpenMP; 16 ;2905.681885; 1647.687256; 0.345459; 1304; 286022.865436; 259066.663053
../../ALL_tsp/pr1002.tsp; MPI; 1 ; 19306.915039; 19288.098633; 0.805664; 1292; 281903.819496; 259066.663053
../../ALL_tsp/pr1002.tsp; OpenMP; 1 ;20003.620117; 19985.242676; 0.197021; 1271; 283513.990970; 259066.663053
../../ALL_tsp/pr1002.tsp; MPI; 2 ; 9724.424805; 9698.207764; 8.121826; 1275; 284745.637839; 259066.663053
../../ALL_tsp/pr1002.tsp; OpenMP; 2 ;10213.050049; 10136.994873; 1.865723; 1270; 286212.467070; 259066.663053
../../ALL_tsp/pr1002.tsp; MPI; 4 ; 5061.584961; 5009.686768; 33.289307; 1289; 281146.018145; 259066.663053
../../ALL_tsp/pr1002.tsp; OpenMP; 4 ;5435.699951; 5406.439209; 0.382324; 1302; 283191.261439; 259066.663053
../../ALL_tsp/pr1002.tsp; MPI; 8 ; 2704.790771; 2669.801758; 15.087158; 1273; 283238.849755; 259066.663053
../../ALL_tsp/pr1002.tsp; OpenMP; 8 ;3046.240967; 3019.261230; 0.406006; 1303; 284422.941914; 259066.663053
../../ALL_tsp/pr1002.tsp; MPI; 16 ; 1521.687988; 1484.705078; 14.854248; 1283; 284484.847250; 259066.663053
../../ALL_tsp/pr1002.tsp; OpenMP; 16 ;1849.125000; 1481.844971; 0.684814; 1280; 286190.863605; 259066.663053
../../ALL_tsp/pr1002.tsp; MPI; 1 ; 19056.142090; 19037.841553; 0.677979; 1277; 287908.657046; 259066.663053
../../ALL_tsp/pr1002.tsp; OpenMP; 1 ;20515.138916; 20496.145996; 0.272949; 1302; 282804.071008; 259066.663053
../../ALL_tsp/pr1002.tsp; MPI; 2 ; 9995.156982; 9959.908936; 16.750488; 1307; 284137.057457; 259066.663053
../../ALL_tsp/pr1002.tsp; OpenMP; 2 ;10431.746094; 10387.301025; 2.221680; 1302; 285679.513842; 259066.663053
../../ALL_tsp/pr1002.tsp; MPI; 4 ; 5117.359131; 4982.020996; 116.584229; 1291; 288220.735507; 259066.663053
../../ALL_tsp/pr1002.tsp; OpenMP; 4 ;5221.430908; 5165.831543; 0.394287; 1270; 286497.803873; 259066.663053
../../ALL_tsp/pr1002.tsp; MPI; 8 ; 2777.333008; 2741.601807; 15.483887; 1332; 281748.181892; 259066.663053
../../ALL_tsp/pr1002.tsp; OpenMP; 8 ;2910.665771; 2883.010010; 0.367676; 1303; 288451.799422; 259066.663053
../../ALL_tsp/pr1002.tsp; MPI; 16 ; 1512.141846; 1474.764160; 15.541748; 1287; 286504.801209; 259066.663053
../../ALL_tsp/pr1002.tsp; OpenMP; 16 ;2811.605957; 1461.100098; 0.419189; 1261; 280782.444913; 259066.663053
../../ALL_tsp/pr1002.tsp; MPI; 1 ; 19331.754883; 19313.004883; 0.832275; 1297; 279785.100323; 259066.663053
../../ALL_tsp/pr1002.tsp; OpenMP; 1 ;20120.208008; 20101.576904; 0.199707; 1275; 287880.686943; 259066.663053
../../ALL_tsp/pr1002.tsp; MPI; 2 ; 9836.031006; 9801.052002; 16.929443; 1285; 284891.794772; 259066.663053
../../ALL_tsp/pr1002.tsp; OpenMP; 2 ;10323.102051; 10292.125732; 1.474609; 1286; 285889.759591; 259066.663053
../../ALL_tsp/pr1002.tsp; MPI; 4 ; 5167.579834; 5072.921875; 76.009766; 1303; 284935.372358; 259066.663053
../../ALL_tsp/pr1002.tsp; OpenMP; 4 ;5630.862061; 5566.780762; 0.475098; 1302; 281886.795476; 259066.663053
../../ALL_tsp/pr1002.tsp; MPI; 8 ; 2799.536133; 2743.817139; 35.245850; 1310; 280934.224508; 259066.663053
../../ALL_tsp/pr1002.tsp; OpenMP; 8 ;3047.459961; 2930.439941; 0.407959; 1298; 285149.650861; 259066.663053
../../ALL_tsp/pr1002.tsp; MPI; 16 ; 1563.825928; 1526.332764; 14.865967; 1306; 282329.023764; 259066.663053
../../ALL_tsp/pr1002.tsp; OpenMP; 16 ;2867.993896; 1556.228760; 0.428223; 1285; 285460.411200; 259066.663053
../../ALL_tsp/pr1002.tsp; MPI; 1 ; 19185.692139; 19167.205811; 0.756348; 1288; 283662.832220; 259066.663053
../../ALL_tsp/pr1002.tsp; OpenMP; 1 ;20265.454102; 20246.660400; 0.216064; 1287; 284699.113512; 259066.663053
../../ALL_tsp/pr1002.tsp; MPI; 2 ; 9852.859863; 9823.443604; 11.320801; 1290; 285585.624744; 259066.663053
../../ALL_tsp/pr1002.tsp; OpenMP; 2 ;10370.881104; 10298.022949; 2.003174; 1285; 286727.583943; 259066.663053
../../ALL_tsp/pr1002.tsp; MPI; 4 ; 5084.684082; 5053.343994; 12.510742; 1290; 284458.192501; 259066.663053
../../ALL_tsp/pr1002.tsp; OpenMP; 4 ;5336.203857; 5250.514648; 1.937256; 1285; 286235.129838; 259066.663053
../../ALL_tsp/pr1002.tsp; MPI; 8 ; 2782.027100; 2747.575195; 13.822021; 1301; 281827.139850; 259066.663053
../../ALL_tsp/pr1002.tsp; OpenMP; 8 ;2878.604004; 2829.300781; 0.308350; 1294; 288206.027602; 259066.663053
../../ALL_tsp/pr1002.tsp; MPI; 16 ; 1584.800049; 1544.795410; 16.786621; 1305; 284220.240230; 259066.663053
../../ALL_tsp/pr1002.tsp; OpenMP; 16 ;2821.353027; 1665.378418; 0.378662; 1288; 285809.497094; 259066.663053
../../ALL_tsp/pr1002.tsp; MPI; 1 ; 19437.947998; 19419.091309; 0.696045; 1303; 284984.944918; 259066.663053
../../ALL_tsp/pr1002.tsp; OpenMP; 1 ;20506.546143; 20487.781982; 0.212158; 1302; 285214.102413; 259066.663053
../../ALL_tsp/pr1002.tsp; MPI; 2 ; 9847.552002; 9802.160645; 27.017578; 1284; 284172.166462; 259066.663053
../../ALL_tsp/pr1002.tsp; OpenMP; 2 ;10451.034180; 10388.855713; 1.686768; 1303; 283569.077472; 259066.663053
../../ALL_tsp/pr1002.tsp; MPI; 4 ; 5090.077148; 5057.711182; 13.699219; 1280; 284240.722095; 259066.663053
../../ALL_tsp/pr1002.tsp; OpenMP; 4 ;5421.672119; 5253.668457; 1.450439; 1301; 283147.533568; 259066.663053
../../ALL_tsp/pr1002.tsp; MPI; 8 ; 2730.372803; 2692.024902; 18.116211; 1293; 283759.546966; 259066.663053
../../ALL_tsp/pr1002.tsp; OpenMP; 8 ;2925.261963; 2758.035400; 0.412109; 1275; 285836.586446; 259066.663053
../../ALL_tsp/pr1002.tsp; MPI; 16 ; 1491.330078; 1453.027832; 16.741455; 1282; 285981.876727; 259066.663053
../../ALL_tsp/pr1002.tsp; OpenMP; 16 ;2825.733154; 1602.347412; 0.396729; 1296; 288247.962082; 259066.663053
../../ALL_tsp/pr1002.tsp; MPI; 1 ; 18942.915039; 18924.598633; 0.698242; 1271; 282011.861817; 259066.663053
../../ALL_tsp/pr1002.tsp; OpenMP; 1 ;20135.999023; 20117.248779; 0.203125; 1278; 286735.734739; 259066.663053
../../ALL_tsp/pr1002.tsp; MPI; 2 ; 10047.627930; 10016.089600; 12.656250; 1313; 284892.895228; 259066.663053
../../ALL_tsp/pr1002.tsp; OpenMP; 2 ;10397.562988; 10309.336426; 1.476807; 1293; 283283.299496; 259066.663053
../../ALL_tsp/pr1002.tsp; MPI; 4 ; 5157.239990; 5124.902588; 13.027100; 1291; 283086.095239; 259066.663053
../../ALL_tsp/pr1002.tsp; OpenMP; 4 ;5446.471924; 5386.124512; 0.530273; 1312; 283279.455539; 259066.663053
../../ALL_tsp/pr1002.tsp; MPI; 8 ; 2674.267822; 2641.012695; 13.415283; 1279; 287814.842283; 259066.663053
../../ALL_tsp/pr1002.tsp; OpenMP; 8 ;2972.236084; 2835.316650; 0.317871; 1296; 283938.278480; 259066.663053
../../ALL_tsp/pr1002.tsp; MPI; 16 ; 1528.855957; 1490.706299; 15.653320; 1285; 284290.184567; 259066.663053
../../ALL_tsp/pr1002.tsp; OpenMP; 16 ;2802.427979; 2669.879639; 0.543701; 1277; 288261.252548; 259066.663053
../../ALL_tsp/pr1002.tsp; MPI; 1 ; 19150.028076; 19131.125488; 0.741943; 1282; 278708.521989; 259066.663053
../../ALL_tsp/pr1002.tsp; OpenMP; 1 ;20399.515869; 20380.941162; 0.196045; 1296; 285815.889189; 259066.663053
../../ALL_tsp/pr1002.tsp; MPI; 2 ; 9815.109131; 9765.516846; 30.960449; 1285; 289768.413966; 259066.663053
../../ALL_tsp/pr1002.tsp; OpenMP; 2 ;10303.479980; 10272.142822; 1.512939; 1277; 284322.521864; 259066.663053
../../ALL_tsp/pr1002.tsp; MPI; 4 ; 5206.052979; 5075.224121; 111.679932; 1298; 281945.340754; 259066.663053
../../ALL_tsp/pr1002.tsp; OpenMP; 4 ;5252.899902; 5206.104736; 0.917969; 1262; 285313.295337; 259066.663053
../../ALL_tsp/pr1002.tsp; MPI; 8 ; 2769.772949; 2659.900879; 90.122803; 1301; 285703.080628; 259066.663053
../../ALL_tsp/pr1002.tsp; OpenMP; 8 ;3847.937012; 2848.305664; 0.329346; 1310; 282438.086387; 259066.663053
../../ALL_tsp/pr1002.tsp; MPI; 16 ; 1521.006104; 1483.402344; 15.562012; 1263; 287999.665774; 259066.663053
../../ALL_tsp/pr1002.tsp; OpenMP; 16 ;2790.089844; 1582.596191; 0.432129; 1277; 282322.145454; 259066.663053
../../ALL_tsp/pcb442.tsp; MPI; 1 ; 1627.432861; 1623.444336; 0.280518; 520; 56475.837668; 50783.547514
../../ALL_tsp/pcb442.tsp; OpenMP; 1 ;1784.583984; 1780.507568; 0.078369; 503; 55899.290941; 50783.547514
../../ALL_tsp/pcb442.tsp; MPI; 2 ; 1006.360107; 995.614258; 6.215576; 507; 55804.250925; 50783.547514
../../ALL_tsp/pcb442.tsp; OpenMP; 2 ;1048.131104; 1040.686768; 0.748047; 512; 56219.812751; 50783.547514
../../ALL_tsp/pcb442.tsp; MPI; 4 ; 591.989990; 580.055176; 6.574707; 502; 57412.272928; 50783.547514
../../ALL_tsp/pcb442.tsp; OpenMP; 4 ;589.820801; 566.680664; 0.227051; 514; 56140.701836; 50783.547514
../../ALL_tsp/pcb442.tsp; MPI; 8 ; 313.955078; 300.657715; 7.962158; 507; 56975.520697; 50783.547514
../../ALL_tsp/pcb442.tsp; OpenMP; 8 ;403.460938; 280.330811; 0.211426; 492; 56911.953046; 50783.547514
../../ALL_tsp/pcb442.tsp; MPI; 16 ; 242.206055; 224.024902; 10.130371; 506; 56124.811687; 50783.547514
../../ALL_tsp/pcb442.tsp; OpenMP; 16 ;365.972900; 191.891602; 0.366943; 523; 55143.030458; 50783.547514
../../ALL_tsp/pcb442.tsp; MPI; 1 ; 1766.058105; 1761.782959; 0.272705; 520; 56382.527170; 50783.547514
../../ALL_tsp/pcb442.tsp; OpenMP; 1 ;1762.495850; 1758.609863; 0.055908; 510; 57103.307445; 50783.547514
../../ALL_tsp/pcb442.tsp; MPI; 2 ; 977.204102; 962.785156; 9.984863; 493; 56580.244463; 50783.547514
../../ALL_tsp/pcb442.tsp; OpenMP; 2 ;1042.699951; 1032.537109; 0.344971; 505; 55657.757027; 50783.547514
../../ALL_tsp/pcb442.tsp; MPI; 4 ; 595.888184; 584.056152; 6.531738; 506; 56010.796224; 50783.547514
../../ALL_tsp/pcb442.tsp; OpenMP; 4 ;582.890869; 563.469482; 0.228760; 509; 56062.684461; 50783.547514
../../ALL_tsp/pcb442.tsp; MPI; 8 ; 313.937988; 301.138672; 7.256348; 502; 56205.944191; 50783.547514
../../ALL_tsp/pcb442.tsp; OpenMP; 8 ;355.883789; 346.760742; 0.286377; 504; 56323.081684; 50783.547514
../../ALL_tsp/pcb442.tsp; MPI; 16 ; 224.581055; 208.398193; 8.579346; 524; 56682.748212; 50783.547514
../../ALL_tsp/pcb442.tsp; OpenMP; 16 ;340.593018; 179.853760; 0.283691; 515; 55784.508015; 50783.547514
../../ALL_tsp/pcb442.tsp; MPI; 1 ; 1785.150879; 1780.841309; 0.277588; 525; 55571.946130; 50783.547514
../../ALL_tsp/pcb442.tsp; OpenMP; 1 ;1747.416992; 1743.433838; 0.068848; 503; 56148.453081; 50783.547514
../../ALL_tsp/pcb442.tsp; MPI; 2 ; 1007.841064; 991.724121; 11.643555; 510; 57124.086198; 50783.547514
../../ALL_tsp/pcb442.tsp; OpenMP; 2 ;1038.686035; 1008.250732; 0.462646; 509; 57042.397717; 50783.547514
../../ALL_tsp/pcb442.tsp; MPI; 4 ; 592.962891; 583.414551; 4.303223; 506; 55085.248008; 50783.547514
../../ALL_tsp/pcb442.tsp; OpenMP; 4 ;582.878906; 564.229736; 0.251953; 515; 54928.733797; 50783.547514
../../ALL_tsp/pcb442.tsp; MPI; 8 ; 313.276123; 300.791260; 7.054932; 516; 55405.555225; 50783.547514
../../ALL_tsp/pcb442.tsp; OpenMP; 8 ;413.166992; 300.666016; 0.274658; 520; 55500.698729; 50783.547514
../../ALL_tsp/pcb442.tsp; MPI; 16 ; 245.683838; 227.115234; 10.619385; 511; 56287.321144; 50783.547514
../../ALL_tsp/pcb442.tsp; OpenMP; 16 ;351.688965; 183.868164; 0.424805; 505; 56564.373896; 50783.547514
../../ALL_tsp/pcb442.tsp; MPI; 1 ; 1729.229980; 1725.052490; 0.249756; 505; 56812.825449; 50783.547514
../../ALL_tsp/pcb442.tsp; OpenMP; 1 ;1734.927002; 1731.083252; 0.067627; 514; 56661.186998; 50783.547514
../../ALL_tsp/pcb442.tsp; MPI; 2 ; 964.382080; 955.463867; 4.684326; 504; 55555.944949; 50783.547514
../../ALL_tsp/pcb442.tsp; OpenMP; 2 ;1010.543945; 976.974365; 0.554932; 484; 57316.263707; 50783.547514
../../ALL_tsp/pcb442.tsp; MPI; 4 ; 539.858887; 530.088867; 5.004395; 505; 56019.310367; 50783.547514
../../ALL_tsp/pcb442.tsp; OpenMP; 4 ;614.177002; 603.359619; 0.322998; 502; 56168.564086; 50783.547514
../../ALL_tsp/pcb442.tsp; MPI; 8 ; 347.364014; 333.992188; 7.333496; 520; 54807.854977; 50783.547514
../../ALL_tsp/pcb442.tsp; OpenMP; 8 ;376.106934; 363.613037; 0.297119; 513; 55966.940252; 50783.547514
../../ALL_tsp/pcb442.tsp; MPI; 16 ; 219.458008; 203.178223; 9.031250; 516; 55955.225086; 50783.547514
../../ALL_tsp/pcb442.tsp; OpenMP; 16 ;509.200928; 129.825195; 0.267822; 503; 55445.804750; 50783.547514
../../ALL_tsp/pcb442.tsp; MPI; 1 ; 1720.477051; 1716.271484; 0.323730; 528; 56796.638830; 50783.547514
../../ALL_tsp/pcb442.tsp; OpenMP; 1 ;1725.354004; 1721.468994; 0.068115; 517; 55742.784015; 50783.547514
../../ALL_tsp/pcb442.tsp; MPI; 2 ; 1003.339111; 993.620361; 5.180664; 498; 56028.334858; 50783.547514
../../ALL_tsp/pcb442.tsp; OpenMP; 2 ;966.125000; 959.306152; 0.322021; 502; 55838.550762; 50783.547514
../../ALL_tsp/pcb442.tsp; MPI; 4 ; 590.348145; 579.886963; 5.284668; 511; 55932.804390; 50783.547514
../../ALL_tsp/pcb442.tsp; OpenMP; 4 ;574.879150; 564.553955; 0.209961; 513; 56446.980772; 50783.547514
../../ALL_tsp/pcb442.tsp; MPI; 8 ; 313.120117; 300.815430; 6.902588; 505; 55066.999305; 50783.547514
../../ALL_tsp/pcb442.tsp; OpenMP; 8 ;548.126953; 438.868896; 0.672363; 489; 56507.170244; 50783.547514
../../ALL_tsp/pcb442.tsp; MPI; 16 ; 249.201904; 231.008789; 10.193848; 523; 54898.479389; 50783.547514
../../ALL_tsp/pcb442.tsp; OpenMP; 16 ;426.763916; 151.375977; 0.135010; 507; 56463.153197; 50783.547514
../../ALL_tsp/pcb442.tsp; MPI; 1 ; 1636.268799; 1632.230225; 0.282227; 489; 56739.494148; 50783.547514
../../ALL_tsp/pcb442.tsp; OpenMP; 1 ;1685.062988; 1681.328857; 0.062744; 507; 57055.794669; 50783.547514
../../ALL_tsp/pcb442.tsp; MPI; 2 ; 999.311035; 984.835938; 9.986572; 495; 56499.332734; 50783.547514
../../ALL_tsp/pcb442.tsp; OpenMP; 2 ;959.365967; 945.641846; 0.312500; 501; 56856.996799; 50783.547514
../../ALL_tsp/pcb442.tsp; MPI; 4 ; 583.083984; 572.866211; 5.072021; 496; 55286.413850; 50783.547514
../../ALL_tsp/pcb442.tsp; OpenMP; 4 ;571.575195; 551.944092; 0.290771; 499; 55990.217730; 50783.547514
../../ALL_tsp/pcb442.tsp; MPI; 8 ; 317.514160; 304.669434; 7.309570; 489; 55003.073644; 50783.547514
../../ALL_tsp/pcb442.tsp; OpenMP; 8 ;375.761963; 366.931641; 0.251221; 504; 56967.279705; 50783.547514
../../ALL_tsp/pcb442.tsp; MPI; 16 ; 224.023926; 206.755859; 9.836670; 523; 55467.873281; 50783.547514
../../ALL_tsp/pcb442.tsp; OpenMP; 16 ;397.442871; 129.347168; 0.166992; 504; 55533.820984; 50783.547514
../../ALL_tsp/pcb442.tsp; MPI; 1 ; 1777.000000; 1772.353516; 0.289307; 514; 56438.951453; 50783.547514
../../ALL_tsp/pcb442.tsp; OpenMP; 1 ;1763.010986; 1759.067627; 0.097168; 505; 56159.669255; 50783.547514
../../ALL_tsp/pcb442.tsp; MPI; 2 ; 935.839111; 927.119629; 4.510254; 512; 56200.453927; 50783.547514
../../ALL_tsp/pcb442.tsp; OpenMP; 2 ;1045.847168; 961.160889; 0.620850; 516; 55345.148493; 50783.547514
../../ALL_tsp/pcb442.tsp; MPI; 4 ; 576.732178; 566.246094; 5.475830; 495; 57106.178896; 50783.547514
../../ALL_tsp/pcb442.tsp; OpenMP; 4 ;566.781982; 556.026123; 0.182129; 493; 55681.226635; 50783.547514
../../ALL_tsp/pcb442.tsp; MPI; 8 ; 322.943115; 308.565918; 8.358154; 505; 54765.440674; 50783.547514
../../ALL_tsp/pcb442.tsp; OpenMP; 8 ;363.072998; 349.815674; 0.219971; 505; 57583.703991; 50783.547514
../../ALL_tsp/pcb442.tsp; MPI; 16 ; 217.193848; 201.128418; 8.795898; 508; 54496.874415; 50783.547514
../../ALL_tsp/pcb442.tsp; OpenMP; 16 ;331.909180; 176.264648; 0.278564; 515; 55646.695144; 50783.547514
../../ALL_tsp/pcb442.tsp; MPI; 1 ; 1680.854980; 1676.747559; 0.297119; 499; 55213.717830; 50783.547514
../../ALL_tsp/pcb442.tsp; OpenMP; 1 ;1753.806885; 1749.906738; 0.064697; 522; 55554.401197; 50783.547514
../../ALL_tsp/pcb442.tsp; MPI; 2 ; 984.333008; 975.403320; 4.611084; 517; 55894.694617; 50783.547514
../../ALL_tsp/pcb442.tsp; OpenMP; 2 ;1051.894043; 984.687256; 0.603271; 526; 55910.723611; 50783.547514
../../ALL_tsp/pcb442.tsp; MPI; 4 ; 595.112061; 565.314453; 24.700928; 507; 56594.138067; 50783.547514
../../ALL_tsp/pcb442.tsp; OpenMP; 4 ;573.056152; 559.521729; 0.242676; 510; 55521.901391; 50783.547514
../../ALL_tsp/pcb442.tsp; MPI; 8 ; 308.960938; 296.770508; 6.858398; 511; 56041.567488; 50783.547514
../../ALL_tsp/pcb442.tsp; OpenMP; 8 ;351.458984; 338.786621; 0.231201; 509; 56614.275373; 50783.547514
../../ALL_tsp/pcb442.tsp; MPI; 16 ; 219.010986; 202.772949; 9.069580; 507; 55215.479247; 50783.547514
../../ALL_tsp/pcb442.tsp; OpenMP; 16 ;320.135986; 184.319580; 0.205566; 498; 57452.505835; 50783.547514
../../ALL_tsp/pcb442.tsp; MPI; 1 ; 1744.078857; 1739.807373; 0.303711; 511; 54783.350909; 50783.547514
../../ALL_tsp/pcb442.tsp; OpenMP; 1 ;1799.278076; 1795.287354; 0.078369; 511; 56388.015264; 50783.547514
../../ALL_tsp/pcb442.tsp; MPI; 2 ; 996.292969; 987.858154; 3.987793; 519; 55612.192759; 50783.547514
../../ALL_tsp/pcb442.tsp; OpenMP; 2 ;1016.776855; 964.498535; 0.623047; 502; 54895.573814; 50783.547514
../../ALL_tsp/pcb442.tsp; MPI; 4 ; 607.575928; 593.617188; 8.244873; 514; 55817.795184; 50783.547514
../../ALL_tsp/pcb442.tsp; OpenMP; 4 ;561.218994; 547.888916; 0.232422; 497; 56395.873112; 50783.547514
../../ALL_tsp/pcb442.tsp; MPI; 8 ; 314.377930; 302.265381; 6.624756; 513; 56152.214429; 50783.547514
../../ALL_tsp/pcb442.tsp; OpenMP; 8 ;359.094971; 332.658447; 0.218750; 510; 55836.770411; 50783.547514
../../ALL_tsp/pcb442.tsp; MPI; 16 ; 203.408936; 187.870361; 8.997070; 487; 55369.501843; 50783.547514
../../ALL_tsp/pcb442.tsp; OpenMP; 16 ;321.934082; 171.602539; 0.302734; 494; 55820.916236; 50783.547514
../../ALL_tsp/pcb442.tsp; MPI; 1 ; 1769.829102; 1765.523926; 0.294189; 519; 56481.680224; 50783.547514
../../ALL_tsp/pcb442.tsp; OpenMP; 1 ;1708.572998; 1704.781250; 0.061279; 492; 57071.285104; 50783.547514
../../ALL_tsp/pcb442.tsp; MPI; 2 ; 947.724121; 938.609863; 4.821533; 505; 55248.067627; 50783.547514
../../ALL_tsp/pcb442.tsp; OpenMP; 2 ;1012.243164; 968.791016; 0.691406; 491; 56239.639961; 50783.547514
../../ALL_tsp/pcb442.tsp; MPI; 4 ; 529.077881; 515.200439; 9.211914; 496; 56947.147620; 50783.547514
../../ALL_tsp/pcb442.tsp; OpenMP; 4 ;629.671875; 619.587158; 0.252197; 510; 56900.792891; 50783.547514
../../ALL_tsp/pcb442.tsp; MPI; 8 ; 329.271973; 316.096924; 7.385010; 496; 56328.288028; 50783.547514
../../ALL_tsp/pcb442.tsp; OpenMP; 8 ;381.042969; 372.426025; 0.209473; 510; 56095.561752; 50783.547514
../../ALL_tsp/pcb442.tsp; MPI; 16 ; 213.611816; 198.385742; 8.081299; 488; 57030.169297; 50783.547514
../../ALL_tsp/pcb442.tsp; OpenMP; 16 ;326.249023; 179.594482; 0.243408; 498; 56483.621359; 50783.547514
../../ALL_tsp/rl5915.tsp; MPI; 4 ; 1131091.361816; 1128360.258057; 2005.027588; 8979; 645994.438898; 0.000000
../../ALL_tsp/rl5915.tsp; OpenMP; 4 ;1210430.651123; 1187321.189697; 24.136719; 9067; 639169.990272; 0.000000
../../ALL_tsp/rl5915.tsp; MPI; 8 ; 586208.598145; 580253.705078; 5209.891113; 9052; 637946.332238; 0.000000
../../ALL_tsp/rl5915.tsp; OpenMP; 8 ;616963.108154; 611641.145508; 5.013428; 9064; 637208.852104; 0.000000
../../ALL_tsp/rl5915.tsp; MPI; 16 ; 312729.542236; 308498.570801; 3436.352051; 9021; 643414.493748; 0.000000
../../ALL_tsp/rl5915.tsp; OpenMP; 16 ;597852.647949; 323087.406006; 3.617676; 9020; 633766.206442; 0.000000
../../ALL_tsp/rl5915.tsp; MPI; 4 ; 1142991.084229; 1139408.817139; 2848.703125; 9016; 632454.101155; 0.000000
../../ALL_tsp/rl5915.tsp; OpenMP; 4 ;1189450.915039; 1162949.053223; 8.909424; 8941; 635808.281256; 0.000000
../../ALL_tsp/rl5915.tsp; MPI; 8 ; 586408.686035; 580525.595703; 5133.979248; 9094; 626891.522927; 0.000000
../../ALL_tsp/rl5915.tsp; OpenMP; 8 ;607270.072998; 604399.698242; 4.248779; 8983; 641004.041770; 0.000000
../../ALL_tsp/rl5915.tsp; MPI; 16 ; 308979.655029; 304401.547607; 3796.594238; 8949; 640177.219660; 0.000000
../../ALL_tsp/rl5915.tsp; OpenMP; 16 ;337874.390137; 334303.487549; 3.143311; 9025; 643396.405212; 0.000000
../../ALL_tsp/att48.tsp; MPI; 1 ; 2.965820; 2.767334; 0.074707; 46; 35035.482835; 33523.708507
../../ALL_tsp/att48.tsp; MPI; 2 ; 1.966064; 1.459717; 0.385498; 46; 34868.315958; 33523.708507
../../ALL_tsp/att48.tsp; MPI; 4 ; 1.435791; 0.864502; 0.453857; 45; 34823.342293; 33523.708507
../../ALL_tsp/att48.tsp; MPI; 8 ; 1.235107; 0.191895; 0.913086; 45; 34385.134398; 33523.708507
../../ALL_tsp/att48.tsp; MPI; 16 ; 1.794189; 0.266602; 1.329102; 45; 34385.134398; 33523.708507
../../ALL_tsp/att48.tsp; MPI; 1 ; 2.888916; 2.708008; 0.067383; 45; 34385.134398; 33523.708507
../../ALL_tsp/att48.tsp; MPI; 2 ; 1.756104; 1.279297; 0.365234; 41; 35156.452833; 33523.708507
../../ALL_tsp/att48.tsp; MPI; 4 ; 1.145996; 0.264160; 0.821533; 41; 35156.452833; 33523.708507
../../ALL_tsp/att48.tsp; MPI; 8 ; 1.104980; 0.395264; 0.547852; 41; 36428.983571; 33523.708507
../../ALL_tsp/att48.tsp; MPI; 16 ; 1.443115; 0.219727; 1.029785; 41; 36428.983571; 33523.708507
../../ALL_tsp/att48.tsp; MPI; 1 ; 2.649902; 2.471436; 0.066162; 41; 36428.983571; 33523.708507
../../ALL_tsp/att48.tsp; MPI; 2 ; 1.854980; 1.296631; 0.441650; 41; 36428.983571; 33523.708507
../../ALL_tsp/att48.tsp; MPI; 4 ; 1.389160; 0.723145; 0.556152; 41; 36428.983571; 33523.708507
../../ALL_tsp/att48.tsp; OpenMP; 16 ;7.382812; 0.211426; 6.921631; 47; 35255.643110; 0.000000
../../ALL_tsp/att48.tsp; OpenMP; 16 ;0.838867; 0.276611; 0.225342; 43; 35757.567861; 0.000000
../../ALL_tsp/att48.tsp; OpenMP; 16 ;8.175049; 0.191406; 0.241455; 44; 35680.253876; 0.000000
../../ALL_tsp/att48.tsp; OpenMP; 16 ;15.647949; 0.230469; 0.202637; 48; 34725.307651; 0.000000
../../ALL_tsp/att48.tsp; OpenMP; 16 ;3.687012; 0.225830; 0.209717; 48; 34725.307651; 0.000000
../../ALL_tsp/att48.tsp; OpenMP; 16 ;20.307861; 0.203613; 0.329346; 46; 34794.958833; 0.000000
../../ALL_tsp/att48.tsp; OpenMP; 16 ;0.493896; 0.182617; 0.226318; 38; 35048.540831; 0.000000
../../ALL_tsp/att48.tsp; OpenMP; 16 ;0.531982; 0.188721; 0.241455; 42; 36055.920182; 0.000000
../../ALL_tsp/att48.tsp; OpenMP; 16 ;1.856934; 0.192871; 0.250000; 42; 36055.920182; 0.000000
../../ALL_tsp/att48.tsp; OpenMP; 16 ;3.449951; 0.205078; 3.070801; 45; 35217.744382; 0.000000
../../ALL_tsp/att48.tsp; OpenMP; 16 ;0.750000; 0.208740; 0.188477; 45; 35217.744382; 0.000000
../../ALL_tsp/att48.tsp; OpenMP; 16 ;1.173828; 0.197510; 0.255859; 44; 34709.159504; 0.000000
../../ALL_tsp/att48.tsp; OpenMP; 16 ;13.794189; 0.188477; 0.194580; 40; 36292.051113; 0.000000
../../ALL_tsp/att48.tsp; OpenMP; 16 ;0.564941; 0.228271; 0.222900; 40; 36292.051113; 0.000000
../../ALL_tsp/att48.tsp; OpenMP; 16 ;1.744873; 0.192139; 0.186768; 42; 34503.005921; 0.000000
../../ALL_tsp/att48.tsp; OpenMP; 16 ;3.224121; 0.197998; 0.181396; 42; 34503.005921; 0.000000
../../ALL_tsp/att48.tsp; OpenMP; 16 ;1.666992; 0.197266; 0.172852; 42; 35629.310845; 0.000000
../../ALL_tsp/att48.tsp; OpenMP; 16 ;0.639893; 0.188477; 0.250244; 42; 35629.310845; 0.000000
../../ALL_tsp/att48.tsp; OpenMP; 16 ;2.848877; 0.204834; 2.433838; 45; 35938.962920; 0.000000
../../ALL_tsp/att48.tsp; OpenMP; 16 ;7.795166; 0.219971; 0.222656; 45; 35938.962920; 0.000000
../../ALL_tsp/att48.tsp; OpenMP; 16 ;30.681885; 0.233398; 0.343994; 49; 34656.640511; 0.000000
../../ALL_tsp/att48.tsp; MPI; 1 ; 2.669922; 2.489258; 0.066895; 41; 34758.597862; 33523.708507
../../ALL_tsp/att48.tsp; OpenMP; 1 ;3.411133; 3.225830; 0.052002; 46; 34441.399618; 33523.708507
../../ALL_tsp/att48.tsp; MPI; 2 ; 1.940918; 1.403809; 0.414551; 45; 35515.767937; 33523.708507
../../ALL_tsp/att48.tsp; OpenMP; 2 ;2.122070; 1.814941; 0.097900; 46; 34441.399618; 33523.708507
../../ALL_tsp/att48.tsp; MPI; 4 ; 1.382080; 0.767090; 0.494141; 45; 35515.767937; 33523.708507
../../ALL_tsp/att48.tsp; OpenMP; 4 ;1.287109; 1.025391; 0.062988; 46; 34441.399618; 33523.708507
../../ALL_tsp/att48.tsp; MPI; 8 ; 0.782959; 0.186279; 0.432373; 45; 35515.767937; 33523.708507
../../ALL_tsp/att48.tsp; OpenMP; 8 ;1.072021; 0.668457; 0.198975; 46; 34441.399618; 33523.708507
../../ALL_tsp/att48.tsp; MPI; 16 ; 1.779053; 0.263672; 1.291504; 45; 35515.767937; 33523.708507
../../ALL_tsp/att48.tsp; OpenMP; 16 ;0.572021; 0.210449; 0.255859; 46; 34441.399618; 33523.708507
../../ALL_tsp/att48.tsp; MPI; 1 ; 2.914062; 2.718750; 0.071045; 45; 35515.767937; 33523.708507
../../ALL_tsp/att48.tsp; OpenMP; 1 ;1.907959; 1.771240; 0.049805; 46; 34441.399618; 33523.708507
../../ALL_tsp/att48.tsp; MPI; 2 ; 1.999023; 1.414551; 0.453125; 45; 35515.767937; 33523.708507
../../ALL_tsp/att48.tsp; OpenMP; 2 ;2.007080; 1.763184; 0.065918; 46; 34441.399618; 33523.708507
../../ALL_tsp/att48.tsp; MPI; 4 ; 1.516846; 0.853760; 0.517822; 50; 35418.883579; 33523.708507
../../ALL_tsp/att48.tsp; OpenMP; 4 ;1.375000; 1.078857; 0.068604; 48; 34785.203815; 33523.708507
../../ALL_tsp/att48.tsp; MPI; 8 ; 1.468994; 0.195557; 1.108398; 50; 35418.883579; 33523.708507
../../ALL_tsp/att48.tsp; OpenMP; 8 ;0.820068; 0.324951; 0.059570; 48; 34785.203815; 33523.708507
../../ALL_tsp/att48.tsp; MPI; 16 ; 1.675049; 0.338867; 1.081055; 50; 35418.883579; 33523.708507
../../ALL_tsp/att48.tsp; OpenMP; 16 ;4.203125; 0.241699; 0.204102; 48; 34785.203815; 33523.708507
../../ALL_tsp/att48.tsp; MPI; 1 ; 3.261963; 3.054688; 0.074707; 50; 35418.883579; 33523.708507
../../ALL_tsp/att48.tsp; OpenMP; 1 ;3.552979; 3.354004; 0.061523; 48; 34785.203815; 33523.708507
../../ALL_tsp/att48.tsp; MPI; 2 ; 2.154053; 1.580566; 0.430664; 50; 35418.883579; 33523.708507
../../ALL_tsp/att48.tsp; OpenMP; 2 ;2.071045; 1.831299; 0.069336; 48; 34785.203815; 33523.708507
../../ALL_tsp/att48.tsp; MPI; 4 ; 1.516846; 0.849121; 0.519287; 50; 35418.883579; 33523.708507
../../ALL_tsp/att48.tsp; OpenMP; 4 ;1.361084; 0.873535; 0.102051; 48; 34785.203815; 33523.708507
../../ALL_tsp/att48.tsp; MPI; 8 ; 1.479004; 0.469238; 0.806152; 50; 35418.883579; 33523.708507
../../ALL_tsp/att48.tsp; OpenMP; 8 ;0.847900; 0.581787; 0.097900; 43; 35546.889222; 33523.708507
../../ALL_tsp/att48.tsp; MPI; 16 ; 1.482910; 0.345703; 0.903320; 46; 34697.512777; 33523.708507
../../ALL_tsp/att48.tsp; OpenMP; 16 ;0.738037; 0.240234; 0.088135; 43; 35546.889222; 33523.708507
../../ALL_tsp/att48.tsp; MPI; 1 ; 2.992920; 2.806152; 0.071045; 46; 34697.512777; 33523.708507
../../ALL_tsp/att48.tsp; OpenMP; 1 ;3.469971; 3.308105; 0.049805; 43; 35546.889222; 33523.708507
../../ALL_tsp/att48.tsp; MPI; 2 ; 1.947998; 1.451416; 0.374023; 46; 34697.512777; 33523.708507
../../ALL_tsp/att48.tsp; OpenMP; 2 ;1.897949; 1.663574; 0.073730; 43; 35546.889222; 33523.708507
../../ALL_tsp/att48.tsp; MPI; 4 ; 1.409912; 0.813232; 0.472656; 46; 34697.512777; 33523.708507
../../ALL_tsp/att48.tsp; OpenMP; 4 ;1.188965; 0.940918; 0.089600; 43; 35546.889222; 33523.708507
../../ALL_tsp/att48.tsp; MPI; 8 ; 1.453857; 0.480713; 0.809570; 46; 34697.512777; 33523.708507
../../ALL_tsp/att48.tsp; OpenMP; 8 ;1.055908; 0.649170; 0.125244; 43; 35546.889222; 33523.708507
../../ALL_tsp/att48.tsp; MPI; 16 ; 1.572021; 0.272705; 1.055420; 46; 34697.512777; 33523.708507
../../ALL_tsp/att48.tsp; OpenMP; 16 ;13.119873; 0.223389; 0.251709; 46; 34698.577442; 33523.708507
../../ALL_tsp/att48.tsp; MPI; 1 ; 3.055908; 2.863770; 0.068359; 47; 34383.216787; 33523.708507
../../ALL_tsp/att48.tsp; OpenMP; 1 ;3.416992; 3.218750; 0.070068; 46; 34698.577442; 33523.708507
../../ALL_tsp/att48.tsp; MPI; 2 ; 1.917236; 1.476074; 0.313477; 47; 34383.216787; 33523.708507
../../ALL_tsp/att48.tsp; OpenMP; 2 ;2.010010; 1.755615; 0.080566; 46; 34698.577442; 33523.708507
../../ALL_tsp/att48.tsp; MPI; 4 ; 1.325195; 0.801514; 0.404297; 47; 34383.216787; 33523.708507
../../ALL_tsp/att48.tsp; OpenMP; 4 ;0.809082; 0.584229; 0.071533; 46; 34698.577442; 33523.708507
../../ALL_tsp/att48.tsp; MPI; 8 ; 1.284180; 0.445068; 0.656738; 47; 34383.216787; 33523.708507
../../ALL_tsp/att48.tsp; OpenMP; 8 ;0.938965; 0.654053; 0.112793; 46; 34698.577442; 33523.708507
../../ALL_tsp/att48.tsp; MPI; 16 ; 1.480957; 0.294678; 0.963623; 47; 34383.216787; 33523.708507
../../ALL_tsp/att48.tsp; OpenMP; 16 ;12.024902; 0.207520; 0.321777; 46; 34698.577442; 33523.708507
../../ALL_tsp/att48.tsp; MPI; 1 ; 2.120850; 1.983398; 0.050537; 37; 36197.157331; 33523.708507
../../ALL_tsp/att48.tsp; OpenMP; 1 ;2.766846; 2.597900; 0.062988; 45; 34377.504147; 33523.708507
../../ALL_tsp/att48.tsp; MPI; 2 ; 1.586182; 1.166992; 0.320557; 37; 36197.157331; 33523.708507
../../ALL_tsp/att48.tsp; OpenMP; 2 ;1.954102; 1.711426; 0.069824; 45; 34377.504147; 33523.708507
../../ALL_tsp/att48.tsp; MPI; 4 ; 1.082031; 0.612061; 0.361816; 37; 36197.157331; 33523.708507
../../ALL_tsp/att48.tsp; OpenMP; 4 ;1.293945; 1.035156; 0.067139; 45; 34377.504147; 33523.708507
../../ALL_tsp/att48.tsp; MPI; 8 ; 1.013916; 0.161621; 0.748047; 37; 36197.157331; 33523.708507
../../ALL_tsp/att48.tsp; OpenMP; 8 ;0.914062; 0.617432; 0.109619; 45; 34377.504147; 33523.708507
../../ALL_tsp/att48.tsp; MPI; 16 ; 1.183838; 0.181641; 0.856934; 37; 36197.157331; 33523.708507
../../ALL_tsp/att48.tsp; OpenMP; 16 ;44.108887; 0.203369; 0.251221; 45; 34377.504147; 33523.708507
../../ALL_tsp/att48.tsp; MPI; 1 ; 1.542969; 1.416504; 0.060303; 37; 36197.157331; 33523.708507
../../ALL_tsp/att48.tsp; OpenMP; 1 ;2.550049; 2.405762; 0.050049; 39; 34586.810712; 33523.708507
../../ALL_tsp/att48.tsp; MPI; 2 ; 1.974854; 1.427734; 0.421143; 45; 36234.190361; 33523.708507
../../ALL_tsp/att48.tsp; OpenMP; 2 ;1.709961; 1.491699; 0.065674; 39; 34586.810712; 33523.708507
../../ALL_tsp/att48.tsp; MPI; 4 ; 1.365967; 0.754883; 0.477539; 45; 36234.190361; 33523.708507
../../ALL_tsp/att48.tsp; OpenMP; 4 ;1.100098; 0.883789; 0.061768; 39; 34586.810712; 33523.708507
../../ALL_tsp/att48.tsp; MPI; 8 ; 1.375977; 0.445312; 0.759033; 45; 36234.190361; 33523.708507
../../ALL_tsp/att48.tsp; OpenMP; 8 ;0.968018; 0.598145; 0.086670; 39; 34586.810712; 33523.708507
../../ALL_tsp/att48.tsp; MPI; 16 ; 2.687012; 1.170410; 1.282715; 45; 36234.190361; 33523.708507
../../ALL_tsp/att48.tsp; OpenMP; 16 ;6.011963; 0.190186; 5.561768; 39; 34586.810712; 33523.708507
../../ALL_tsp/att48.tsp; MPI; 1 ; 2.960938; 2.779297; 0.069336; 45; 36234.190361; 33523.708507
../../ALL_tsp/att48.tsp; OpenMP; 1 ;2.880859; 2.712402; 0.059814; 39; 34586.810712; 33523.708507
../../ALL_tsp/att48.tsp; MPI; 2 ; 1.743164; 0.464844; 1.202393; 44; 35481.104409; 33523.708507
../../ALL_tsp/att48.tsp; OpenMP; 2 ;2.041016; 1.787354; 0.068604; 47; 35445.625809; 33523.708507
../../ALL_tsp/att48.tsp; MPI; 4 ; 1.408936; 0.753174; 0.533936; 44; 35481.104409; 33523.708507
../../ALL_tsp/att48.tsp; OpenMP; 4 ;1.384033; 0.905518; 0.110596; 47; 35445.625809; 33523.708507
../../ALL_tsp/att48.tsp; MPI; 8 ; 1.253906; 0.428223; 0.662354; 44; 35481.104409; 33523.708507
../../ALL_tsp/att48.tsp; OpenMP; 8 ;0.701904; 0.293213; 0.078369; 47; 35445.625809; 33523.708507
../../ALL_tsp/att48.tsp; MPI; 16 ; 1.965088; 0.332031; 1.454346; 44; 35481.104409; 33523.708507
../../ALL_tsp/att48.tsp; OpenMP; 16 ;1.002197; 0.207031; 0.253906; 47; 35445.625809; 33523.708507
../../ALL_tsp/att48.tsp; MPI; 1 ; 2.017090; 1.860352; 0.056641; 44; 35481.104409; 33523.708507
../../ALL_tsp/att48.tsp; OpenMP; 1 ;3.435791; 3.256592; 0.052979; 47; 35445.625809; 33523.708507
../../ALL_tsp/att48.tsp; MPI; 2 ; 1.932861; 1.397949; 0.416504; 44; 35481.104409; 33523.708507
../../ALL_tsp/att48.tsp; OpenMP; 2 ;2.148926; 1.677246; 0.084473; 47; 35445.625809; 33523.708507
../../ALL_tsp/att48.tsp; MPI; 4 ; 1.294922; 0.606445; 0.565430; 43; 34667.253316; 33523.708507
../../ALL_tsp/att48.tsp; OpenMP; 4 ;1.303955; 1.034668; 0.072266; 46; 35075.785004; 33523.708507
../../ALL_tsp/att48.tsp; MPI; 8 ; 1.363037; 0.406006; 0.791748; 43; 34667.253316; 33523.708507
../../ALL_tsp/att48.tsp; OpenMP; 8 ;3.166992; 0.656494; 2.286865; 46; 35075.785004; 33523.708507
../../ALL_tsp/att48.tsp; MPI; 16 ; 1.392090; 0.264160; 0.893555; 43; 34667.253316; 33523.708507
../../ALL_tsp/att48.tsp; OpenMP; 16 ;1.124023; 0.473145; 0.429443; 46; 35075.785004; 33523.708507
../../ALL_tsp/att48.tsp; MPI; 1 ; 2.803955; 2.622803; 0.069092; 43; 34667.253316; 33523.708507
../../ALL_tsp/att48.tsp; OpenMP; 1 ;3.375000; 3.193359; 0.052002; 46; 35075.785004; 33523.708507
../../ALL_tsp/att48.tsp; MPI; 2 ; 1.841064; 1.337891; 0.380859; 43; 34667.253316; 33523.708507
../../ALL_tsp/att48.tsp; OpenMP; 2 ;1.991943; 1.739258; 0.077637; 46; 35075.785004; 33523.708507
../../ALL_tsp/att48.tsp; MPI; 4 ; 1.277100; 0.714844; 0.440918; 43; 34667.253316; 33523.708507
../../ALL_tsp/att48.tsp; OpenMP; 4 ;1.374023; 1.111572; 0.068115; 46; 35075.785004; 33523.708507
../../ALL_tsp/att48.tsp; MPI; 8 ; 1.338867; 0.406982; 0.774902; 43; 35181.603688; 33523.708507
../../ALL_tsp/att48.tsp; OpenMP; 8 ;0.781006; 0.336914; 0.085693; 41; 36392.570066; 33523.708507
../../ALL_tsp/att48.tsp; MPI; 16 ; 2.375977; 0.316650; 1.858643; 43; 35181.603688; 33523.708507
../../ALL_tsp/att48.tsp; OpenMP; 16 ;11.912109; 0.189941; 0.284424; 41; 36392.570066; 33523.708507
../../ALL_tsp/rd100.tsp; MPI; 1 ; 17.770020; 17.311768; 0.129883; 102; 8594.265284; 7910.396210
../../ALL_tsp/rd100.tsp; OpenMP; 1 ;23.286865; 22.833496; 0.084961; 109; 8530.329286; 7910.396210
../../ALL_tsp/rd100.tsp; MPI; 2 ; 12.485107; 11.296631; 0.791504; 102; 8594.265284; 7910.396210
../../ALL_tsp/rd100.tsp; OpenMP; 2 ;17.739990; 17.077637; 0.089355; 109; 8530.329286; 7910.396210
../../ALL_tsp/rd100.tsp; MPI; 4 ; 8.602051; 7.106201; 1.005859; 102; 8594.265284; 7910.396210
../../ALL_tsp/rd100.tsp; OpenMP; 4 ;9.593994; 8.780518; 0.160400; 109; 8530.329286; 7910.396210
../../ALL_tsp/rd100.tsp; MPI; 8 ; 5.325928; 3.586426; 1.291504; 95; 8602.089304; 7910.396210
../../ALL_tsp/rd100.tsp; OpenMP; 8 ;8.436035; 4.459961; 0.095459; 104; 8885.307523; 7910.396210
../../ALL_tsp/rd100.tsp; MPI; 16 ; 2.988037; 0.815674; 1.645508; 95; 8602.089304; 7910.396210
../../ALL_tsp/rd100.tsp; OpenMP; 16 ;1.732910; 1.054199; 0.357422; 104; 8885.307523; 7910.396210
../../ALL_tsp/rd100.tsp; MPI; 1 ; 16.325195; 15.920410; 0.108154; 95; 8602.089304; 7910.396210
../../ALL_tsp/rd100.tsp; OpenMP; 1 ;23.019043; 22.552979; 0.096680; 104; 8885.307523; 7910.396210
../../ALL_tsp/rd100.tsp; MPI; 2 ; 12.180908; 10.757812; 1.022949; 95; 8602.089304; 7910.396210
../../ALL_tsp/rd100.tsp; OpenMP; 2 ;12.588135; 11.927979; 0.117188; 104; 8885.307523; 7910.396210
../../ALL_tsp/rd100.tsp; MPI; 4 ; 7.593018; 5.661133; 1.540039; 95; 8602.089304; 7910.396210
../../ALL_tsp/rd100.tsp; OpenMP; 4 ;9.449951; 8.614014; 0.145508; 104; 8885.307523; 7910.396210
../../ALL_tsp/rd100.tsp; MPI; 8 ; 5.503906; 3.481934; 1.558594; 95; 8602.089304; 7910.396210
../../ALL_tsp/rd100.tsp; OpenMP; 8 ;6.152832; 5.319580; 0.212402; 104; 8885.307523; 7910.396210
../../ALL_tsp/rd100.tsp; MPI; 16 ; 3.078857; 0.918213; 1.592285; 95; 8602.089304; 7910.396210
../../ALL_tsp/rd100.tsp; OpenMP; 16 ;8.949951; 1.062500; 0.469727; 104; 8885.307523; 7910.396210
../../ALL_tsp/rd100.tsp; MPI; 1 ; 14.515137; 14.148193; 0.093018; 100; 8432.670494; 7910.396210
../../ALL_tsp/rd100.tsp; OpenMP; 1 ;22.364990; 21.900146; 0.098389; 112; 8916.754547; 7910.396210
../../ALL_tsp/rd100.tsp; MPI; 2 ; 12.755859; 11.556885; 0.782715; 100; 8432.670494; 7910.396210
../../ALL_tsp/rd100.tsp; OpenMP; 2 ;16.943848; 16.151611; 0.145020; 112; 8916.754547; 7910.396210
../../ALL_tsp/rd100.tsp; MPI; 4 ; 8.500977; 6.930420; 1.076416; 100; 8432.670494; 7910.396210
../../ALL_tsp/rd100.tsp; OpenMP; 4 ;5.545898; 4.999023; 0.161377; 112; 8916.754547; 7910.396210
../../ALL_tsp/rd100.tsp; MPI; 8 ; 2.480225; 1.282715; 0.809570; 100; 8432.670494; 7910.396210
../../ALL_tsp/rd100.tsp; OpenMP; 8 ;6.216064; 5.119873; 0.148193; 112; 8916.754547; 7910.396210
../../ALL_tsp/rd100.tsp; MPI; 16 ; 3.205078; 0.816650; 1.653320; 100; 8432.670494; 7910.396210
../../ALL_tsp/rd100.tsp; OpenMP; 16 ;5.202881; 1.134277; 2.741211; 112; 8916.754547; 7910.396210
../../ALL_tsp/rd100.tsp; MPI; 1 ; 14.872070; 14.484863; 0.114990; 100; 8432.670494; 7910.396210
../../ALL_tsp/rd100.tsp; OpenMP; 1 ;20.771973; 20.342773; 0.074951; 112; 8916.754547; 7910.396210
../../ALL_tsp/rd100.tsp; MPI; 2 ; 15.029053; 13.681152; 0.864990; 106; 8733.287110; 7910.396210
../../ALL_tsp/rd100.tsp; OpenMP; 2 ;14.498047; 12.805420; 0.143555; 104; 8495.090621; 7910.396210
../../ALL_tsp/rd100.tsp; MPI; 4 ; 8.581055; 2.491211; 5.881104; 106; 8733.287110; 7910.396210
../../ALL_tsp/rd100.tsp; OpenMP; 4 ;9.396973; 8.668945; 0.134033; 104; 8495.090621; 7910.396210
../../ALL_tsp/rd100.tsp; MPI; 8 ; 6.238037; 3.888428; 1.822021; 106; 8733.287110; 7910.396210
../../ALL_tsp/rd100.tsp; OpenMP; 8 ;5.486084; 4.596191; 0.210449; 104; 8495.090621; 7910.396210
../../ALL_tsp/rd100.tsp; MPI; 16 ; 5.576904; 2.292969; 2.573975; 106; 8733.287110; 7910.396210
../../ALL_tsp/rd100.tsp; OpenMP; 16 ;2.667969; 1.049561; 0.331787; 104; 8495.090621; 7910.396210
../../ALL_tsp/rd100.tsp; MPI; 1 ; 19.500977; 19.029541; 0.128418; 106; 8733.287110; 7910.396210
../../ALL_tsp/rd100.tsp; OpenMP; 1 ;18.108887; 17.708740; 0.089844; 104; 8495.090621; 7910.396210
../../ALL_tsp/rd100.tsp; MPI; 2 ; 12.169922; 10.882324; 0.814453; 106; 8733.287110; 7910.396210
../../ALL_tsp/rd100.tsp; OpenMP; 2 ;17.044922; 16.314697; 0.148926; 104; 8495.090621; 7910.396210
../../ALL_tsp/rd100.tsp; MPI; 4 ; 8.051025; 6.784668; 0.826416; 98; 8699.352337; 7910.396210
../../ALL_tsp/rd100.tsp; OpenMP; 4 ;8.401855; 4.103271; 0.171631; 97; 8639.371343; 7910.396210
../../ALL_tsp/rd100.tsp; MPI; 8 ; 5.399902; 2.763428; 2.213379; 98; 8699.352337; 7910.396210
../../ALL_tsp/rd100.tsp; OpenMP; 8 ;4.386963; 1.625000; 0.142578; 97; 8639.371343; 7910.396210
../../ALL_tsp/rd100.tsp; MPI; 16 ; 3.354004; 0.808350; 1.952148; 98; 8699.352337; 7910.396210
../../ALL_tsp/rd100.tsp; OpenMP; 16 ;3.376953; 1.076660; 0.249756; 97; 8639.371343; 7910.396210
../../ALL_tsp/rd100.tsp; MPI; 1 ; 16.208008; 15.802246; 0.112793; 98; 8699.352337; 7910.396210
../../ALL_tsp/rd100.tsp; OpenMP; 1 ;20.823975; 20.414551; 0.079834; 97; 8639.371343; 7910.396210
../../ALL_tsp/rd100.tsp; MPI; 2 ; 14.383057; 13.202637; 0.741211; 98; 8699.352337; 7910.396210
../../ALL_tsp/rd100.tsp; OpenMP; 2 ;15.171875; 14.552246; 0.107178; 97; 8639.371343; 7910.396210
../../ALL_tsp/rd100.tsp; MPI; 4 ; 8.015869; 6.789307; 0.797852; 98; 8699.352337; 7910.396210
../../ALL_tsp/rd100.tsp; OpenMP; 4 ;8.241943; 7.361816; 0.166748; 97; 8639.371343; 7910.396210
../../ALL_tsp/rd100.tsp; MPI; 8 ; 5.579102; 3.592285; 1.525879; 98; 8699.352337; 7910.396210
../../ALL_tsp/rd100.tsp; OpenMP; 8 ;3.782959; 1.601318; 0.105957; 98; 8612.779315; 7910.396210
../../ALL_tsp/rd100.tsp; MPI; 16 ; 4.303955; 0.817139; 2.900635; 99; 8676.065699; 7910.396210
../../ALL_tsp/rd100.tsp; OpenMP; 16 ;5.871826; 0.999756; 0.369141; 98; 8612.779315; 7910.396210
../../ALL_tsp/rd100.tsp; MPI; 1 ; 16.575928; 16.164062; 0.110596; 99; 8676.065699; 7910.396210
../../ALL_tsp/rd100.tsp; OpenMP; 1 ;18.270020; 17.887451; 0.089600; 98; 8612.779315; 7910.396210
../../ALL_tsp/rd100.tsp; MPI; 2 ; 14.554932; 12.925293; 1.199463; 99; 8676.065699; 7910.396210
../../ALL_tsp/rd100.tsp; OpenMP; 2 ;15.556885; 8.910645; 0.119873; 98; 8612.779315; 7910.396210
../../ALL_tsp/rd100.tsp; MPI; 4 ; 7.764893; 2.993652; 4.551025; 99; 8676.065699; 7910.396210
../../ALL_tsp/rd100.tsp; OpenMP; 4 ;8.819824; 6.765137; 0.129639; 98; 8612.779315; 7910.396210
../../ALL_tsp/rd100.tsp; MPI; 8 ; 2.507080; 1.276123; 0.872314; 99; 8676.065699; 7910.396210
../../ALL_tsp/rd100.tsp; OpenMP; 8 ;5.333984; 4.490723; 0.196289; 98; 8612.779315; 7910.396210
../../ALL_tsp/rd100.tsp; MPI; 16 ; 3.507080; 0.823242; 2.095703; 99; 8676.065699; 7910.396210
../../ALL_tsp/rd100.tsp; OpenMP; 16 ;9.034912; 0.985840; 0.388184; 98; 8612.779315; 7910.396210
../../ALL_tsp/rd100.tsp; MPI; 1 ; 20.064941; 19.557617; 0.132812; 104; 8223.481814; 7910.396210
../../ALL_tsp/rd100.tsp; OpenMP; 1 ;21.091064; 20.651611; 0.089844; 106; 8399.353119; 7910.396210
../../ALL_tsp/rd100.tsp; MPI; 2 ; 14.272949; 12.988525; 0.817139; 104; 8223.481814; 7910.396210
../../ALL_tsp/rd100.tsp; OpenMP; 2 ;14.488037; 13.866943; 0.120850; 106; 8399.353119; 7910.396210
../../ALL_tsp/rd100.tsp; MPI; 4 ; 8.997070; 7.230713; 1.282471; 104; 8223.481814; 7910.396210
../../ALL_tsp/rd100.tsp; OpenMP; 4 ;9.660889; 8.817627; 0.130127; 106; 8399.353119; 7910.396210
../../ALL_tsp/rd100.tsp; MPI; 8 ; 5.956055; 3.778564; 1.658203; 104; 8223.481814; 7910.396210
../../ALL_tsp/rd100.tsp; OpenMP; 8 ;5.696045; 4.792969; 0.200928; 106; 8399.353119; 7910.396210
../../ALL_tsp/rd100.tsp; MPI; 16 ; 5.433838; 1.488525; 3.306885; 104; 8223.481814; 7910.396210
../../ALL_tsp/rd100.tsp; OpenMP; 16 ;5.615967; 1.084961; 0.328613; 106; 8399.353119; 7910.396210
../../ALL_tsp/rd100.tsp; MPI; 1 ; 14.740967; 14.354004; 0.103027; 108; 8456.866777; 7910.396210
../../ALL_tsp/rd100.tsp; OpenMP; 1 ;12.393066; 12.081543; 0.079834; 98; 8813.855368; 7910.396210
../../ALL_tsp/rd100.tsp; MPI; 2 ; 12.064941; 10.172852; 1.497559; 108; 8456.866777; 7910.396210
../../ALL_tsp/rd100.tsp; OpenMP; 2 ;11.987793; 10.824707; 0.133301; 98; 8813.855368; 7910.396210
../../ALL_tsp/rd100.tsp; MPI; 4 ; 8.614990; 7.177246; 0.945068; 108; 8456.866777; 7910.396210
../../ALL_tsp/rd100.tsp; OpenMP; 4 ;8.437012; 7.706055; 0.135254; 98; 8813.855368; 7910.396210
../../ALL_tsp/rd100.tsp; MPI; 8 ; 6.269043; 3.934326; 1.801270; 108; 8456.866777; 7910.396210
../../ALL_tsp/rd100.tsp; OpenMP; 8 ;3.443848; 1.623291; 0.114990; 98; 8813.855368; 7910.396210
../../ALL_tsp/rd100.tsp; MPI; 16 ; 5.447998; 2.166016; 2.567871; 108; 8456.866777; 7910.396210
../../ALL_tsp/rd100.tsp; OpenMP; 16 ;5.625000; 2.548584; 0.096191; 98; 8813.855368; 7910.396210
../../ALL_tsp/rd100.tsp; MPI; 1 ; 17.622803; 17.182861; 0.118896; 108; 8456.866777; 7910.396210
../../ALL_tsp/rd100.tsp; OpenMP; 1 ;16.799072; 16.421631; 0.092529; 98; 8813.855368; 7910.396210
../../ALL_tsp/rd100.tsp; MPI; 2 ; 11.593994; 10.502197; 0.688477; 105; 8623.445230; 7910.396210
../../ALL_tsp/rd100.tsp; OpenMP; 2 ;16.938965; 16.219727; 0.113770; 103; 8715.282498; 7910.396210
../../ALL_tsp/rd100.tsp; MPI; 4 ; 8.883057; 7.273926; 1.106445; 105; 8623.445230; 7910.396210
../../ALL_tsp/rd100.tsp; OpenMP; 4 ;9.637939; 7.397949; 0.154053; 103; 8715.282498; 7910.396210
../../ALL_tsp/rd100.tsp; MPI; 8 ; 5.755859; 3.833496; 1.404053; 105; 8623.445230; 7910.396210
../../ALL_tsp/rd100.tsp; OpenMP; 8 ;5.723145; 4.688477; 0.245850; 103; 8715.282498; 7910.396210
../../ALL_tsp/rd100.tsp; MPI; 16 ; 3.509033; 1.068359; 1.806396; 105; 8623.445230; 7910.396210
../../ALL_tsp/rd100.tsp; OpenMP; 16 ;5.739014; 1.018799; 0.333252; 103; 8715.282498; 7910.396210
