1504530704079756395; ../../ALL_tsp/att48.tsp; OpenMP; 1; 3.892090; 3.745117; 0.117920; 0.078613; 39; 34869.185450; 33523.708507;
1504530704079838319; ../../ALL_tsp/att48.tsp; OpenMPStatic; 1; 3.635010; 3.479248; 0.119873; 0.071289; 39; 34869.185450; 33523.708507;
1504530704079919871; ../../ALL_tsp/att48.tsp; OpenMPDynamic; 1; 3.972168; 3.807373; 0.125488; 0.081299; 39; 34869.185450; 33523.708507;
15045307041000079993694; ../../ALL_tsp/att48.tsp; OpenMP; 2; 2.047119; 1.803467; 0.217285; 0.090576; 39; 34869.185450; 33523.708507;
150453070510000971736; ../../ALL_tsp/att48.tsp; OpenMPStatic; 2; 3.208008; 2.963135; 0.168213; 0.106689; 44; 34206.233737; 33523.708507;
1504530705100009152075; ../../ALL_tsp/att48.tsp; OpenMPDynamic; 2; 2.696045; 2.344482; 0.263916; 0.108398; 44; 34206.233737; 33523.708507;
1504530705100009226963; ../../ALL_tsp/att48.tsp; OpenMP; 4; 1.399902; 1.078857; 0.289062; 0.107422; 44; 34206.233737; 33523.708507;
1504530705100009300009; ../../ALL_tsp/att48.tsp; OpenMPStatic; 4; 2.105957; 1.814453; 0.171631; 0.104248; 44; 34206.233737; 33523.708507;
1504530705100009390599; ../../ALL_tsp/att48.tsp; OpenMPDynamic; 4; 1.843018; 1.365967; 0.345215; 0.105957; 44; 34206.233737; 33523.708507;
150453070514200009670964; ../../ALL_tsp/att48.tsp; OpenMP; 8; 191.303223; 0.360107; 190.900146; 0.077637; 44; 34206.233737; 33523.708507;
1504530705100009736771; ../../ALL_tsp/att48.tsp; OpenMPStatic; 8; 0.707031; 0.482422; 0.145508; 0.054932; 44; 34206.233737; 33523.708507;
1504530705500009796996; ../../ALL_tsp/att48.tsp; OpenMPDynamic; 8; 1.617188; 0.913818; 0.567139; 0.107422; 44; 34206.233737; 33523.708507;
15045307062760000965701; ../../ALL_tsp/att48.tsp; OpenMP; 16; 168.125977; 0.190918; 167.886963; 0.069824; 44; 34206.233737; 33523.708507;
1504530706118000020229524; ../../ALL_tsp/att48.tsp; OpenMPStatic; 16; 84.141846; 0.399658; 83.626953; 0.081299; 42; 37845.685444; 33523.708507;
150453070626000020320484; ../../ALL_tsp/att48.tsp; OpenMPDynamic; 16; 1.845947; 0.770264; 0.929443; 0.092285; 42; 37845.685444; 33523.708507;
1504530706020404361; ../../ALL_tsp/att48.tsp; OpenMP; 1; 3.994141; 3.842041; 0.122070; 0.079590; 42; 37845.685444; 33523.708507;
1504530706020475243; ../../ALL_tsp/att48.tsp; OpenMPStatic; 1; 3.910889; 3.750000; 0.119385; 0.082520; 42; 37845.685444; 33523.708507;
1504530706020550956; ../../ALL_tsp/att48.tsp; OpenMPDynamic; 1; 3.935059; 3.765381; 0.128174; 0.082031; 42; 37845.685444; 33523.708507;
1504530706020622681; ../../ALL_tsp/att48.tsp; OpenMP; 2; 2.191895; 1.944580; 0.220459; 0.095947; 42; 37845.685444; 33523.708507;
1504530706020699677; ../../ALL_tsp/att48.tsp; OpenMPStatic; 2; 3.070068; 2.837402; 0.154053; 0.097412; 42; 37845.685444; 33523.708507;
15045307061000020815159; ../../ALL_tsp/att48.tsp; OpenMPDynamic; 2; 2.585938; 2.251221; 0.248779; 0.089355; 42; 37845.685444; 33523.708507;
15045307061000020904900; ../../ALL_tsp/att48.tsp; OpenMP; 4; 1.306885; 1.023438; 0.253662; 0.097412; 42; 37845.685444; 33523.708507;
15045307061000020994696; ../../ALL_tsp/att48.tsp; OpenMPStatic; 4; 2.029053; 1.732666; 0.190674; 0.099365; 42; 37845.685444; 33523.708507;
150453070710000992646; ../../ALL_tsp/att48.tsp; OpenMPDynamic; 4; 1.622070; 1.210938; 0.320068; 0.099365; 40; 34757.241590; 33523.708507;
15045307079500009332783; ../../ALL_tsp/att48.tsp; OpenMP; 8; 111.007080; 0.541748; 110.436523; 0.129395; 40; 34757.241590; 33523.708507;
1504530707200009420207; ../../ALL_tsp/att48.tsp; OpenMPStatic; 8; 1.314941; 0.935059; 0.255615; 0.101807; 40; 34757.241590; 33523.708507;
15045307072600009539419; ../../ALL_tsp/att48.tsp; OpenMPDynamic; 8; 25.828857; 20.159668; 5.540771; 0.095215; 40; 34757.241590; 33523.708507;
150453070723200009826617; ../../ALL_tsp/att48.tsp; OpenMP; 16; 152.008057; 0.162842; 151.760010; 0.084473; 40; 34757.241590; 33523.708507;
15045307081940000985729; ../../ALL_tsp/att48.tsp; OpenMPStatic; 16; 148.356934; 0.275635; 147.978271; 0.099121; 40; 34757.241590; 33523.708507;
1504530708225000033335069; ../../ALL_tsp/att48.tsp; OpenMPDynamic; 16; 145.637207; 80.469482; 65.069336; 0.095947; 48; 33929.264891; 33523.708507;
1504530708033381513; ../../ALL_tsp/att48.tsp; OpenMP; 1; 2.051025; 1.967773; 0.067383; 0.044922; 48; 33929.264891; 33523.708507;
1504530708033433156; ../../ALL_tsp/att48.tsp; OpenMPStatic; 1; 4.125977; 3.943848; 0.134277; 0.100098; 48; 33929.264891; 33523.708507;
1504530708033497568; ../../ALL_tsp/att48.tsp; OpenMPDynamic; 1; 4.155029; 3.977051; 0.138916; 0.096191; 48; 33929.264891; 33523.708507;
15045307081000033561472; ../../ALL_tsp/att48.tsp; OpenMP; 2; 2.497803; 2.209473; 0.260742; 0.125977; 48; 33929.264891; 33523.708507;
15045307081000033636313; ../../ALL_tsp/att48.tsp; OpenMPStatic; 2; 3.506104; 3.233154; 0.194092; 0.126709; 48; 33929.264891; 33523.708507;
15045307081000033709997; ../../ALL_tsp/att48.tsp; OpenMPDynamic; 2; 2.994141; 2.619629; 0.284180; 0.125488; 48; 33929.264891; 33523.708507;
1504530708033801331; ../../ALL_tsp/att48.tsp; OpenMP; 4; 1.514160; 1.182129; 0.303711; 0.121338; 48; 33929.264891; 33523.708507;
15045307081000033879238; ../../ALL_tsp/att48.tsp; OpenMPStatic; 4; 2.321045; 2.003174; 0.218506; 0.120850; 48; 33929.264891; 33523.708507;
15045307081000033987754; ../../ALL_tsp/att48.tsp; OpenMPDynamic; 4; 1.951904; 1.462402; 0.378662; 0.123535; 48; 33929.264891; 33523.708507;
1504530709135000094273272; ../../ALL_tsp/att48.tsp; OpenMP; 8; 174.501953; 0.655029; 173.781250; 0.154785; 48; 35028.457379; 33523.708507;
150453070942000094406367; ../../ALL_tsp/att48.tsp; OpenMPStatic; 8; 48.792969; 1.107666; 47.534668; 0.137939; 48; 35028.457379; 33523.708507;
150453070924000094539664; ../../ALL_tsp/att48.tsp; OpenMPDynamic; 8; 8.109131; 7.284912; 0.657471; 0.137207; 48; 35028.457379; 33523.708507;
1504530709128000094742167; ../../ALL_tsp/att48.tsp; OpenMP; 16; 83.604980; 0.375488; 83.186768; 0.133545; 48; 35028.457379; 33523.708507;
150453070929000094842161; ../../ALL_tsp/att48.tsp; OpenMPStatic; 16; 5.379883; 0.667969; 4.544678; 0.125732; 48; 35028.457379; 33523.708507;
150453070932000094944976; ../../ALL_tsp/att48.tsp; OpenMPDynamic; 16; 2.270020; 0.971191; 1.130615; 0.129395; 48; 35028.457379; 33523.708507;
150453071006630177; ../../ALL_tsp/att48.tsp; OpenMP; 1; 4.249023; 4.077393; 0.137451; 0.092529; 46; 34056.217750; 33523.708507;
1504530710066113454; ../../ALL_tsp/att48.tsp; OpenMPStatic; 1; 4.286133; 4.107910; 0.141602; 0.097656; 46; 34056.217750; 33523.708507;
1504530710066193171; ../../ALL_tsp/att48.tsp; OpenMPDynamic; 1; 4.317871; 4.132324; 0.142578; 0.091797; 46; 34056.217750; 33523.708507;
1504530710066263633; ../../ALL_tsp/att48.tsp; OpenMP; 2; 2.422119; 2.144531; 0.253418; 0.122803; 46; 34056.217750; 33523.708507;
15045307101000066336894; ../../ALL_tsp/att48.tsp; OpenMPStatic; 2; 3.374023; 3.103271; 0.180664; 0.113770; 46; 34056.217750; 33523.708507;
15045307101000066404733; ../../ALL_tsp/att48.tsp; OpenMPDynamic; 2; 2.849854; 2.473633; 0.268555; 0.110596; 46; 34056.217750; 33523.708507;
15045307101000066479208; ../../ALL_tsp/att48.tsp; OpenMP; 4; 1.475098; 1.113037; 0.329102; 0.119873; 46; 34056.217750; 33523.708507;
15045307101000066557426; ../../ALL_tsp/att48.tsp; OpenMPStatic; 4; 2.237061; 1.933105; 0.180176; 0.112305; 46; 34056.217750; 33523.708507;
1504530710066632857; ../../ALL_tsp/att48.tsp; OpenMPDynamic; 4; 1.989990; 1.448975; 0.408203; 0.115723; 46; 34056.217750; 33523.708507;
1504530710100000066855202; ../../ALL_tsp/att48.tsp; OpenMP; 8; 131.594971; 0.627441; 130.934326; 0.141602; 46; 34056.217750; 33523.708507;
15045307108000066963141; ../../ALL_tsp/att48.tsp; OpenMPStatic; 8; 1.496826; 1.077148; 0.276367; 0.119385; 46; 34056.217750; 33523.708507;
150453071189000042186006; ../../ALL_tsp/att48.tsp; OpenMPDynamic; 8; 123.414062; 63.052246; 60.266602; 0.094971; 48; 33946.317267; 33523.708507;
1504530711118000042335864; ../../ALL_tsp/att48.tsp; OpenMP; 16; 68.436035; 0.235840; 68.176025; 0.089355; 48; 33946.317267; 33523.708507;
150453071116000042408241; ../../ALL_tsp/att48.tsp; OpenMPStatic; 16; 0.861084; 0.418213; 0.324707; 0.084229; 48; 33946.317267; 33523.708507;
1504530711255000042678248; ../../ALL_tsp/att48.tsp; OpenMPDynamic; 16; 169.675049; 91.310547; 78.245850; 0.084961; 48; 33946.317267; 33523.708507;
1504530711042727892; ../../ALL_tsp/att48.tsp; OpenMP; 1; 2.050049; 1.956543; 0.070557; 0.044434; 48; 33946.317267; 33523.708507;
1504530711042774058; ../../ALL_tsp/att48.tsp; OpenMPStatic; 1; 2.056152; 1.976807; 0.065430; 0.047363; 48; 33946.317267; 33523.708507;
1504530711042845880; ../../ALL_tsp/att48.tsp; OpenMPDynamic; 1; 4.495117; 4.294922; 0.161133; 0.109619; 48; 33946.317267; 33523.708507;
15045307111000042919834; ../../ALL_tsp/att48.tsp; OpenMP; 2; 2.853027; 2.546387; 0.279785; 0.113525; 48; 33946.317267; 33523.708507;
1504530711042997661; ../../ALL_tsp/att48.tsp; OpenMPStatic; 2; 3.503906; 3.235107; 0.191406; 0.112305; 48; 33946.317267; 33523.708507;
15045307120789646; ../../ALL_tsp/att48.tsp; OpenMPDynamic; 2; 2.592041; 2.237305; 0.262451; 0.103516; 42; 35607.845658; 33523.708507;
1504530712100007166713; ../../ALL_tsp/att48.tsp; OpenMP; 4; 1.329834; 1.040039; 0.258789; 0.108154; 42; 35607.845658; 33523.708507;
1504530712100007264328; ../../ALL_tsp/att48.tsp; OpenMPStatic; 4; 2.000977; 1.747559; 0.169678; 0.094238; 42; 35607.845658; 33523.708507;
1504530712100007350192; ../../ALL_tsp/att48.tsp; OpenMPDynamic; 4; 1.832031; 1.343994; 0.355469; 0.105469; 42; 35607.845658; 33523.708507;
1504530712100007428190; ../../ALL_tsp/att48.tsp; OpenMP; 8; 1.094971; 0.562012; 0.497314; 0.103027; 42; 35607.845658; 33523.708507;
150453071213900007704702; ../../ALL_tsp/att48.tsp; OpenMPStatic; 8; 188.098877; 0.662109; 187.331299; 0.111084; 42; 35607.845658; 33523.708507;
15045307124900007855174; ../../ALL_tsp/att48.tsp; OpenMPDynamic; 8; 49.644043; 29.092773; 20.430908; 0.093262; 42; 35607.845658; 33523.708507;
150453071326200007153655; ../../ALL_tsp/att48.tsp; OpenMP; 16; 165.958984; 0.333008; 165.522705; 0.114502; 42; 35607.845658; 33523.708507;
1504530713221000051394607; ../../ALL_tsp/att48.tsp; OpenMPStatic; 16; 150.239014; 0.317627; 149.802490; 0.112305; 41; 35260.095408; 33523.708507;
150453071388000051550402; ../../ALL_tsp/att48.tsp; OpenMPDynamic; 16; 48.889160; 17.150879; 31.614258; 0.089844; 41; 35260.095408; 33523.708507;
15045307131000051627798; ../../ALL_tsp/att48.tsp; OpenMP; 1; 3.804199; 3.636963; 0.127197; 0.088135; 41; 35260.095408; 33523.708507;
1504530713051722768; ../../ALL_tsp/att48.tsp; OpenMPStatic; 1; 3.812988; 3.650391; 0.127930; 0.084717; 41; 35260.095408; 33523.708507;
1504530713051816564; ../../ALL_tsp/att48.tsp; OpenMPDynamic; 1; 3.844971; 3.677002; 0.130127; 0.083008; 41; 35260.095408; 33523.708507;
1504530713051912474; ../../ALL_tsp/att48.tsp; OpenMP; 2; 2.143066; 1.899658; 0.217529; 0.104492; 41; 35260.095408; 33523.708507;
15045307140513004; ../../ALL_tsp/att48.tsp; OpenMPStatic; 2; 2.985840; 2.755127; 0.162354; 0.095459; 41; 35260.095408; 33523.708507;
1504530714100007493081; ../../ALL_tsp/att48.tsp; OpenMPDynamic; 2; 2.801025; 2.443359; 0.263916; 0.115234; 45; 35011.724837; 33523.708507;
15045307141000074184979; ../../ALL_tsp/att48.tsp; OpenMP; 4; 1.400146; 1.097412; 0.277832; 0.116455; 45; 35011.724837; 33523.708507;
15045307141000074266576; ../../ALL_tsp/att48.tsp; OpenMPStatic; 4; 2.171875; 1.857666; 0.195557; 0.115723; 45; 35011.724837; 33523.708507;
15045307141000074345558; ../../ALL_tsp/att48.tsp; OpenMPDynamic; 4; 1.936035; 1.399170; 0.387451; 0.118408; 45; 35011.724837; 33523.708507;
15045307144000074431762; ../../ALL_tsp/att48.tsp; OpenMP; 8; 1.175049; 0.610596; 0.545410; 0.121582; 45; 35011.724837; 33523.708507;
15045307149000074517008; ../../ALL_tsp/att48.tsp; OpenMPStatic; 8; 1.489990; 1.080078; 0.298340; 0.109375; 45; 35011.724837; 33523.708507;
15045307145000074599391; ../../ALL_tsp/att48.tsp; OpenMPDynamic; 8; 1.729004; 0.954102; 0.613525; 0.114258; 45; 35011.724837; 33523.708507;
150453071446000074711205; ../../ALL_tsp/att48.tsp; OpenMP; 16; 19.561035; 0.380859; 19.149170; 0.122070; 45; 35011.724837; 33523.708507;
150453071422000074807931; ../../ALL_tsp/att48.tsp; OpenMPStatic; 16; 6.344971; 0.630859; 5.570068; 0.120850; 45; 35011.724837; 33523.708507;
150453071529900007491528; ../../ALL_tsp/att48.tsp; OpenMPDynamic; 16; 180.878174; 89.873535; 90.893311; 0.094971; 45; 35011.724837; 33523.708507;
1504530715066147825; ../../ALL_tsp/att48.tsp; OpenMP; 1; 1.641846; 1.565674; 0.056152; 0.036133; 38; 34874.866418; 33523.708507;
1504530715066219642; ../../ALL_tsp/att48.tsp; OpenMPStatic; 1; 3.035156; 2.904541; 0.105713; 0.068604; 38; 34874.866418; 33523.708507;
1504530715066290021; ../../ALL_tsp/att48.tsp; OpenMPDynamic; 1; 3.053955; 2.915039; 0.107910; 0.071289; 38; 34874.866418; 33523.708507;
1504530715066377897; ../../ALL_tsp/att48.tsp; OpenMP; 2; 1.990967; 1.754639; 0.206299; 0.104248; 38; 34874.866418; 33523.708507;
15045307151000066464198; ../../ALL_tsp/att48.tsp; OpenMPStatic; 2; 2.779053; 2.558594; 0.152344; 0.095215; 38; 34874.866418; 33523.708507;
1504530715066548430; ../../ALL_tsp/att48.tsp; OpenMPDynamic; 2; 2.377930; 2.071533; 0.227051; 0.098145; 38; 34874.866418; 33523.708507;
15045307151000066637046; ../../ALL_tsp/att48.tsp; OpenMP; 4; 1.222900; 0.946533; 0.258545; 0.095459; 38; 34874.866418; 33523.708507;
15045307151000066716217; ../../ALL_tsp/att48.tsp; OpenMPStatic; 4; 1.858154; 1.575439; 0.180420; 0.101074; 38; 34874.866418; 33523.708507;
15045307151000066817293; ../../ALL_tsp/att48.tsp; OpenMPDynamic; 4; 1.625977; 1.173096; 0.335449; 0.095703; 38; 34874.866418; 33523.708507;
15045307153000066916867; ../../ALL_tsp/att48.tsp; OpenMP; 8; 1.010986; 0.505371; 0.471924; 0.096191; 38; 34874.866418; 33523.708507;
1504530716500009719180; ../../ALL_tsp/att48.tsp; OpenMPStatic; 8; 1.459961; 1.056641; 0.268066; 0.113037; 42; 34326.440725; 33523.708507;
15045307166000097122258; ../../ALL_tsp/att48.tsp; OpenMPDynamic; 8; 1.574951; 0.888428; 0.569824; 0.110596; 42; 34326.440725; 33523.708507;
150453071623000097222048; ../../ALL_tsp/att48.tsp; OpenMP; 16; 1.317139; 0.326416; 0.956543; 0.106934; 42; 34326.440725; 33523.708507;
150453071620000097305769; ../../ALL_tsp/att48.tsp; OpenMPStatic; 16; 1.114014; 0.551270; 0.421875; 0.111084; 42; 34326.440725; 33523.708507;
150453071630000097401746; ../../ALL_tsp/att48.tsp; OpenMPDynamic; 16; 2.005127; 0.809814; 1.048584; 0.108398; 42; 34326.440725; 33523.708507;
1504530716097473778; ../../ALL_tsp/att48.tsp; OpenMP; 1; 3.875000; 3.722900; 0.124268; 0.085449; 42; 34326.440725; 33523.708507;
1504530716097543818; ../../ALL_tsp/att48.tsp; OpenMPStatic; 1; 4.220215; 4.048828; 0.133301; 0.080566; 42; 34326.440725; 33523.708507;
15045307161000097611858; ../../ALL_tsp/att48.tsp; OpenMPDynamic; 1; 3.918945; 3.752930; 0.126465; 0.083740; 42; 34326.440725; 33523.708507;
1504530716097682716; ../../ALL_tsp/att48.tsp; OpenMP; 2; 2.184082; 1.941650; 0.217285; 0.102295; 42; 34326.440725; 33523.708507;
1504530716097750725; ../../ALL_tsp/att48.tsp; OpenMPStatic; 2; 3.079102; 2.841797; 0.161621; 0.099365; 42; 34326.440725; 33523.708507;
1504530716097819376; ../../ALL_tsp/att48.tsp; OpenMPDynamic; 2; 2.630859; 2.289307; 0.248291; 0.099365; 42; 34326.440725; 33523.708507;
15045307162000097891070; ../../ALL_tsp/att48.tsp; OpenMP; 4; 1.336182; 1.039795; 0.272949; 0.105469; 42; 34326.440725; 33523.708507;
15045307161000097958544; ../../ALL_tsp/att48.tsp; OpenMPStatic; 4; 2.018066; 1.756836; 0.166016; 0.102051; 42; 34326.440725; 33523.708507;
1504530717100008426058; ../../ALL_tsp/att48.tsp; OpenMPDynamic; 4; 1.965088; 1.486816; 0.341309; 0.114258; 48; 35488.866786; 33523.708507;
15045307178000084104913; ../../ALL_tsp/att48.tsp; OpenMP; 8; 1.213135; 0.648682; 0.542236; 0.113770; 48; 35488.866786; 33523.708507;
15045307173000084185340; ../../ALL_tsp/att48.tsp; OpenMPStatic; 8; 1.604004; 1.153564; 0.300049; 0.116699; 48; 35488.866786; 33523.708507;
15045307175000084342376; ../../ALL_tsp/att48.tsp; OpenMPDynamic; 8; 1.819092; 1.024170; 0.646240; 0.117676; 48; 35488.866786; 33523.708507;
1504530717301000084625929; ../../ALL_tsp/att48.tsp; OpenMP; 16; 184.149902; 0.221436; 183.868408; 0.113525; 48; 35488.866786; 33523.708507;
150453071725000084798040; ../../ALL_tsp/att48.tsp; OpenMPStatic; 16; 7.531006; 0.638428; 6.728271; 0.115967; 48; 35488.866786; 33523.708507;
150453071825800008469932; ../../ALL_tsp/att48.tsp; OpenMPDynamic; 16; 174.163818; 80.548096; 93.492920; 0.065186; 48; 35488.866786; 33523.708507;
1504530718016112457; ../../ALL_tsp/att48.tsp; OpenMP; 1; 1.869141; 1.799072; 0.058105; 0.039307; 44; 34987.613576; 33523.708507;
1504530718016152110; ../../ALL_tsp/att48.tsp; OpenMPStatic; 1; 1.882812; 1.809814; 0.060791; 0.043457; 44; 34987.613576; 33523.708507;
1504530718016207207; ../../ALL_tsp/att48.tsp; OpenMPDynamic; 1; 4.120117; 3.944092; 0.133301; 0.090332; 44; 34987.613576; 33523.708507;
1504530718016285817; ../../ALL_tsp/att48.tsp; OpenMP; 2; 2.345947; 2.034424; 0.283203; 0.105469; 44; 34987.613576; 33523.708507;
15045307181000016384695; ../../ALL_tsp/att48.tsp; OpenMPStatic; 2; 3.216064; 2.979492; 0.165039; 0.103760; 44; 34987.613576; 33523.708507;
15045307181000016470970; ../../ALL_tsp/att48.tsp; OpenMPDynamic; 2; 2.719971; 2.376465; 0.252197; 0.103516; 44; 34987.613576; 33523.708507;
1504530718016537650; ../../ALL_tsp/att48.tsp; OpenMP; 4; 1.382812; 1.066406; 0.293457; 0.116943; 44; 34987.613576; 33523.708507;
15045307181000016605783; ../../ALL_tsp/att48.tsp; OpenMPStatic; 4; 2.097900; 1.826904; 0.170898; 0.102783; 44; 34987.613576; 33523.708507;
15045307181000016687979; ../../ALL_tsp/att48.tsp; OpenMPDynamic; 4; 1.820068; 1.359375; 0.321289; 0.108154; 44; 34987.613576; 33523.708507;
15045307185000016798066; ../../ALL_tsp/att48.tsp; OpenMP; 8; 1.156982; 0.590820; 0.531250; 0.106934; 44; 34987.613576; 33523.708507;
150453071914100001685979; ../../ALL_tsp/att48.tsp; OpenMPStatic; 8; 190.195068; 0.678711; 189.426758; 0.122314; 44; 34987.613576; 33523.708507;
15045307193000024146261; ../../ALL_tsp/att48.tsp; OpenMPDynamic; 8; 0.781982; 0.425537; 0.283691; 0.050537; 40; 35563.753783; 33523.708507;
1504530719174000024342586; ../../ALL_tsp/att48.tsp; OpenMP; 16; 108.003906; 0.293945; 107.683105; 0.092285; 40; 35563.753783; 33523.708507;
1504530719293000024631286; ../../ALL_tsp/att48.tsp; OpenMPStatic; 16; 187.438965; 10.385986; 176.924805; 0.066162; 40; 35563.753783; 33523.708507;
150453071935000024748454; ../../ALL_tsp/att48.tsp; OpenMPDynamic; 16; 4.713135; 3.806396; 0.775391; 0.103027; 40; 35563.753783; 33523.708507;
1504530719024840828; ../../ALL_tsp/att48.tsp; OpenMP; 1; 3.696777; 3.540039; 0.125000; 0.081299; 40; 35563.753783; 33523.708507;
1504530719024914312; ../../ALL_tsp/att48.tsp; OpenMPStatic; 1; 3.728027; 3.564941; 0.126221; 0.076660; 40; 35563.753783; 33523.708507;
15045307191000024983636; ../../ALL_tsp/att48.tsp; OpenMPDynamic; 1; 3.749023; 3.583008; 0.125000; 0.081543; 40; 35563.753783; 33523.708507;
150453072008452322; ../../ALL_tsp/att48.tsp; OpenMP; 2; 2.205078; 1.949219; 0.231689; 0.099854; 42; 35601.147251; 33523.708507;
15045307201000084123897; ../../ALL_tsp/att48.tsp; OpenMPStatic; 2; 3.093018; 2.829346; 0.192871; 0.093750; 42; 35601.147251; 33523.708507;
15045307201000084191992; ../../ALL_tsp/att48.tsp; OpenMPDynamic; 2; 2.588867; 2.257812; 0.251709; 0.098145; 42; 35601.147251; 33523.708507;
15045307201000084258737; ../../ALL_tsp/att48.tsp; OpenMP; 4; 1.336182; 1.040771; 0.271240; 0.098877; 42; 35601.147251; 33523.708507;
15045307201000084326970; ../../ALL_tsp/att48.tsp; OpenMPStatic; 4; 2.009033; 1.761475; 0.159180; 0.098877; 42; 35601.147251; 33523.708507;
15045307201000084395715; ../../ALL_tsp/att48.tsp; OpenMPDynamic; 4; 1.753174; 1.315186; 0.310059; 0.093018; 42; 35601.147251; 33523.708507;
15045307204000084468844; ../../ALL_tsp/att48.tsp; OpenMP; 8; 1.092041; 0.564453; 0.493408; 0.109375; 42; 35601.147251; 33523.708507;
15045307202000084538138; ../../ALL_tsp/att48.tsp; OpenMPStatic; 8; 1.363037; 1.000488; 0.229736; 0.103027; 42; 35601.147251; 33523.708507;
15045307204000084613362; ../../ALL_tsp/att48.tsp; OpenMPDynamic; 8; 1.601074; 0.904053; 0.562256; 0.099854; 42; 35601.147251; 33523.708507;
1504530720243000084884034; ../../ALL_tsp/att48.tsp; OpenMP; 16; 173.385986; 0.178955; 173.141113; 0.056152; 42; 35601.147251; 33523.708507;
1504530721284000084161984; ../../ALL_tsp/att48.tsp; OpenMPStatic; 16; 169.314941; 0.547607; 168.625977; 0.149170; 42; 35601.147251; 33523.708507;
1504530721184000052344215; ../../ALL_tsp/att48.tsp; OpenMPDynamic; 16; 116.769043; 74.477295; 42.161377; 0.101562; 49; 34951.325876; 33523.708507;
15045307214000018554884; ../../ALL_tsp/rd100.tsp; OpenMP; 1; 43.614014; 43.035400; 0.538330; 0.449463; 108; 8326.287620; 7910.396210;
15045307214000018696325; ../../ALL_tsp/rd100.tsp; OpenMPStatic; 1; 43.779053; 43.156494; 0.541504; 0.442871; 108; 8326.287620; 7910.396210;
15045307214000018841816; ../../ALL_tsp/rd100.tsp; OpenMPDynamic; 1; 43.701904; 43.064209; 0.565430; 0.458008; 108; 8326.287620; 7910.396210;
15045307215000018943273; ../../ALL_tsp/rd100.tsp; OpenMP; 2; 22.453857; 21.671143; 0.742920; 0.513428; 108; 8326.287620; 7910.396210;
1504530722600001549337; ../../ALL_tsp/rd100.tsp; OpenMPStatic; 2; 30.677002; 29.946533; 0.573486; 0.430908; 100; 8617.300220; 7910.396210;
15045307224000015140496; ../../ALL_tsp/rd100.tsp; OpenMPDynamic; 2; 22.470215; 21.542725; 0.734863; 0.431396; 100; 8617.300220; 7910.396210;
15045307225000015223927; ../../ALL_tsp/rd100.tsp; OpenMP; 4; 11.111084; 10.288086; 0.790771; 0.436279; 100; 8617.300220; 7910.396210;
15045307228000015317566; ../../ALL_tsp/rd100.tsp; OpenMPStatic; 4; 18.398926; 17.614258; 0.565674; 0.430664; 100; 8617.300220; 7910.396210;
15045307225000015411177; ../../ALL_tsp/rd100.tsp; OpenMPDynamic; 4; 12.110107; 10.969971; 0.916504; 0.434082; 100; 8617.300220; 7910.396210;
150453072210000015499682; ../../ALL_tsp/rd100.tsp; OpenMP; 8; 6.565918; 5.516357; 1.013672; 0.450684; 100; 8617.300220; 7910.396210;
150453072212000015599907; ../../ALL_tsp/rd100.tsp; OpenMPStatic; 8; 11.056885; 10.181152; 0.611328; 0.443115; 100; 8617.300220; 7910.396210;
150453072210000015692858; ../../ALL_tsp/rd100.tsp; OpenMPDynamic; 8; 8.079834; 6.360596; 1.410400; 0.432617; 100; 8617.300220; 7910.396210;
1504530722253000015979389; ../../ALL_tsp/rd100.tsp; OpenMP; 16; 154.628906; 1.394043; 153.166504; 0.229248; 100; 8617.300220; 7910.396210;
1504530723296000029246735; ../../ALL_tsp/rd100.tsp; OpenMPStatic; 16; 190.714111; 2.881836; 187.610107; 0.348145; 103; 8388.650744; 7910.396210;
150453072335000029346747; ../../ALL_tsp/rd100.tsp; OpenMPDynamic; 16; 8.238037; 6.402100; 1.569092; 0.285889; 103; 8388.650744; 7910.396210;
15045307234000029559827; ../../ALL_tsp/rd100.tsp; OpenMPStatic; 1; 41.851807; 41.249023; 0.517822; 0.422607; 103; 8388.650744; 7910.396210;
15045307234000029670165; ../../ALL_tsp/rd100.tsp; OpenMPDynamic; 1; 41.981934; 41.380615; 0.518066; 0.430420; 103; 8388.650744; 7910.396210;
15045307234000029757599; ../../ALL_tsp/rd100.tsp; OpenMP; 2; 21.449951; 20.674805; 0.737549; 0.467041; 103; 8388.650744; 7910.396210;
15045307236000029855273; ../../ALL_tsp/rd100.tsp; OpenMPStatic; 2; 31.294922; 30.528809; 0.607422; 0.463623; 103; 8388.650744; 7910.396210;
15045307235000029950385; ../../ALL_tsp/rd100.tsp; OpenMPDynamic; 2; 23.109131; 22.148926; 0.751709; 0.464600; 103; 8388.650744; 7910.396210;
1504530724400009628723; ../../ALL_tsp/rd100.tsp; OpenMP; 4; 10.243896; 9.473877; 0.737305; 0.428955; 92; 8531.996801; 7910.396210;
15045307247000096112486; ../../ALL_tsp/rd100.tsp; OpenMPStatic; 4; 17.203125; 16.412354; 0.557617; 0.435303; 92; 8531.996801; 7910.396210;
15045307244000096190486; ../../ALL_tsp/rd100.tsp; OpenMPDynamic; 4; 11.249023; 10.156982; 0.887695; 0.427246; 92; 8531.996801; 7910.396210;
15045307246000096264009; ../../ALL_tsp/rd100.tsp; OpenMP; 8; 6.117920; 5.059082; 1.002441; 0.442139; 92; 8531.996801; 7910.396210;
15045307249000096343156; ../../ALL_tsp/rd100.tsp; OpenMPStatic; 8; 10.231934; 9.354980; 0.589111; 0.430908; 92; 8531.996801; 7910.396210;
15045307249000096422640; ../../ALL_tsp/rd100.tsp; OpenMPDynamic; 8; 7.850830; 6.209961; 1.355957; 0.452881; 92; 8531.996801; 7910.396210;
150453072423000096506940; ../../ALL_tsp/rd100.tsp; OpenMP; 16; 4.196045; 2.658447; 1.499512; 0.442139; 92; 8531.996801; 7910.396210;
1504530724301000096782212; ../../ALL_tsp/rd100.tsp; OpenMPStatic; 16; 189.490967; 5.276367; 183.891846; 0.497070; 92; 8531.996801; 7910.396210;
150453072486000096923602; ../../ALL_tsp/rd100.tsp; OpenMPDynamic; 16; 50.062012; 28.212158; 21.599121; 0.352783; 92; 8531.996801; 7910.396210;
1504530725400009639914; ../../ALL_tsp/rd100.tsp; OpenMP; 1; 37.088135; 36.595459; 0.456787; 0.384766; 92; 8531.996801; 7910.396210;
15045307254000030165811; ../../ALL_tsp/rd100.tsp; OpenMPStatic; 1; 39.625000; 39.045166; 0.495605; 0.401123; 98; 8539.304613; 7910.396210;
15045307254000030291770; ../../ALL_tsp/rd100.tsp; OpenMPDynamic; 1; 39.611084; 39.045654; 0.489502; 0.395264; 98; 8539.304613; 7910.396210;
15045307254000030405746; ../../ALL_tsp/rd100.tsp; OpenMP; 2; 20.393066; 19.687988; 0.665527; 0.443359; 98; 8539.304613; 7910.396210;
15045307256000030589704; ../../ALL_tsp/rd100.tsp; OpenMPStatic; 2; 29.802002; 29.055176; 0.579834; 0.432861; 98; 8539.304613; 7910.396210;
15045307254000030678272; ../../ALL_tsp/rd100.tsp; OpenMPDynamic; 2; 22.354980; 21.412354; 0.728271; 0.433838; 98; 8539.304613; 7910.396210;
15045307255000030756928; ../../ALL_tsp/rd100.tsp; OpenMP; 4; 10.913086; 10.077148; 0.806152; 0.429688; 98; 8539.304613; 7910.396210;
15045307257000030851295; ../../ALL_tsp/rd100.tsp; OpenMPStatic; 4; 18.061035; 17.241455; 0.580322; 0.441162; 98; 8539.304613; 7910.396210;
15045307255000030938608; ../../ALL_tsp/rd100.tsp; OpenMPDynamic; 4; 12.315918; 11.096191; 0.904297; 0.439453; 98; 8539.304613; 7910.396210;
1504530726900008056833; ../../ALL_tsp/rd100.tsp; OpenMP; 8; 7.081055; 5.954346; 1.058350; 0.479492; 108; 8213.088233; 7910.396210;
150453072614000080156877; ../../ALL_tsp/rd100.tsp; OpenMPStatic; 8; 12.001953; 10.981445; 0.681152; 0.490234; 108; 8213.088233; 7910.396210;
150453072622000080271707; ../../ALL_tsp/rd100.tsp; OpenMPDynamic; 8; 19.942139; 18.084473; 1.532959; 0.482910; 108; 8213.088233; 7910.396210;
1504530726277000080560926; ../../ALL_tsp/rd100.tsp; OpenMP; 16; 186.130127; 1.693848; 184.381836; 0.288330; 108; 8213.088233; 7910.396210;
1504530726277000080834983; ../../ALL_tsp/rd100.tsp; OpenMPStatic; 16; 188.511963; 2.936279; 185.342041; 0.330322; 108; 8213.088233; 7910.396210;
150453072720700008053394; ../../ALL_tsp/rd100.tsp; OpenMPDynamic; 16; 141.039062; 75.247314; 65.556641; 0.263184; 108; 8213.088233; 7910.396210;
15045307273000053203192; ../../ALL_tsp/rd100.tsp; OpenMPStatic; 1; 36.687012; 36.185059; 0.443359; 0.374512; 96; 9005.686671; 7910.396210;
15045307274000053314606; ../../ALL_tsp/rd100.tsp; OpenMPDynamic; 1; 39.094971; 38.528564; 0.491455; 0.390381; 96; 9005.686671; 7910.396210;
15045307274000053409908; ../../ALL_tsp/rd100.tsp; OpenMP; 2; 20.043945; 19.348145; 0.661865; 0.426270; 96; 9005.686671; 7910.396210;
15045307276000053510406; ../../ALL_tsp/rd100.tsp; OpenMPStatic; 2; 29.241943; 28.511475; 0.564209; 0.416748; 96; 9005.686671; 7910.396210;
15045307274000053616815; ../../ALL_tsp/rd100.tsp; OpenMPDynamic; 2; 21.516846; 20.581543; 0.734863; 0.427246; 96; 9005.686671; 7910.396210;
15045307274000053703802; ../../ALL_tsp/rd100.tsp; OpenMP; 4; 10.682129; 9.901367; 0.745361; 0.434082; 96; 9005.686671; 7910.396210;
15045307277000053801383; ../../ALL_tsp/rd100.tsp; OpenMPStatic; 4; 18.011963; 16.916260; 0.852783; 0.423828; 96; 9005.686671; 7910.396210;
15045307275000053886930; ../../ALL_tsp/rd100.tsp; OpenMPDynamic; 4; 11.621826; 10.517578; 0.896484; 0.430908; 96; 9005.686671; 7910.396210;
15045307279000053975235; ../../ALL_tsp/rd100.tsp; OpenMP; 8; 6.343018; 5.375488; 0.940430; 0.445557; 96; 9005.686671; 7910.396210;
1504530728900004862819; ../../ALL_tsp/rd100.tsp; OpenMPStatic; 8; 10.997070; 10.062012; 0.630127; 0.460693; 99; 8597.178387; 7910.396210;
15045307287000048143748; ../../ALL_tsp/rd100.tsp; OpenMPDynamic; 8; 7.972168; 6.328857; 1.381592; 0.455078; 99; 8597.178387; 7910.396210;
1504530728190000048352944; ../../ALL_tsp/rd100.tsp; OpenMP; 16; 111.049072; 2.885742; 108.104980; 0.464111; 99; 8597.178387; 7910.396210;
1504530728294000048629850; ../../ALL_tsp/rd100.tsp; OpenMPStatic; 16; 183.022217; 2.875244; 179.947754; 0.297363; 99; 8597.178387; 7910.396210;
150453072835000048718607; ../../ALL_tsp/rd100.tsp; OpenMPDynamic; 16; 4.024902; 2.377197; 1.394775; 0.251709; 99; 8597.178387; 7910.396210;
15045307284000048906277; ../../ALL_tsp/rd100.tsp; OpenMPStatic; 1; 40.014160; 39.437988; 0.504150; 0.408203; 99; 8597.178387; 7910.396210;
1504530729400004823249; ../../ALL_tsp/rd100.tsp; OpenMPDynamic; 1; 40.019043; 39.441406; 0.499512; 0.405518; 99; 8597.178387; 7910.396210;
15045307295000070124824; ../../ALL_tsp/rd100.tsp; OpenMP; 2; 23.279053; 22.465576; 0.771973; 0.507080; 112; 8158.820042; 7910.396210;
15045307297000070233355; ../../ALL_tsp/rd100.tsp; OpenMPStatic; 2; 34.055908; 33.222900; 0.652832; 0.488525; 112; 8158.820042; 7910.396210;
15045307295000070339227; ../../ALL_tsp/rd100.tsp; OpenMPDynamic; 2; 25.116943; 24.016602; 0.878174; 0.532715; 112; 8158.820042; 7910.396210;
15045307295000070434046; ../../ALL_tsp/rd100.tsp; OpenMP; 4; 12.481934; 11.520996; 0.915527; 0.500244; 112; 8158.820042; 7910.396210;
15045307299000070530788; ../../ALL_tsp/rd100.tsp; OpenMPStatic; 4; 21.213135; 20.262939; 0.665039; 0.500977; 112; 8158.820042; 7910.396210;
15045307296000070624380; ../../ALL_tsp/rd100.tsp; OpenMPDynamic; 4; 13.868896; 12.490479; 1.083008; 0.494629; 112; 8158.820042; 7910.396210;
150453072916000070731230; ../../ALL_tsp/rd100.tsp; OpenMP; 8; 7.300049; 6.158203; 1.081299; 0.524414; 112; 8158.820042; 7910.396210;
150453072988000070930379; ../../ALL_tsp/rd100.tsp; OpenMPStatic; 8; 112.632812; 11.331543; 100.957031; 0.558594; 112; 8158.820042; 7910.396210;
1504530730123000096207673; ../../ALL_tsp/rd100.tsp; OpenMPDynamic; 8; 165.815186; 84.901367; 80.715332; 0.267334; 100; 8870.069499; 7910.396210;
1504530730228000096428626; ../../ALL_tsp/rd100.tsp; OpenMP; 16; 131.051025; 1.371338; 129.630371; 0.236572; 100; 8870.069499; 7910.396210;
150453073051000096509034; ../../ALL_tsp/rd100.tsp; OpenMPStatic; 16; 24.617920; 2.620605; 21.814941; 0.234131; 100; 8870.069499; 7910.396210;
1504530730308000096767693; ../../ALL_tsp/rd100.tsp; OpenMPDynamic; 16; 192.076172; 97.545410; 94.229492; 0.344971; 100; 8870.069499; 7910.396210;
15045307304000096867724; ../../ALL_tsp/rd100.tsp; OpenMP; 1; 37.568848; 37.082275; 0.445801; 0.384033; 100; 8870.069499; 7910.396210;
15045307304000096970853; ../../ALL_tsp/rd100.tsp; OpenMPStatic; 1; 40.359131; 39.761719; 0.522705; 0.430420; 100; 8870.069499; 7910.396210;
1504530731400009086519; ../../ALL_tsp/rd100.tsp; OpenMPDynamic; 1; 42.450928; 41.856201; 0.513428; 0.416260; 105; 8673.172423; 7910.396210;
15045307315000090177717; ../../ALL_tsp/rd100.tsp; OpenMP; 2; 22.144043; 21.369629; 0.732422; 0.462402; 105; 8673.172423; 7910.396210;
15045307316000090280448; ../../ALL_tsp/rd100.tsp; OpenMPStatic; 2; 31.982910; 31.207764; 0.601562; 0.446289; 105; 8673.172423; 7910.396210;
15045307315000090378837; ../../ALL_tsp/rd100.tsp; OpenMPDynamic; 2; 23.532959; 22.550537; 0.786621; 0.452637; 105; 8673.172423; 7910.396210;
15045307315000090462079; ../../ALL_tsp/rd100.tsp; OpenMP; 4; 11.654053; 10.812988; 0.810303; 0.455078; 105; 8673.172423; 7910.396210;
15045307318000090552848; ../../ALL_tsp/rd100.tsp; OpenMPStatic; 4; 19.701904; 18.842285; 0.609619; 0.468262; 105; 8673.172423; 7910.396210;
15045307316000090650071; ../../ALL_tsp/rd100.tsp; OpenMPDynamic; 4; 13.052979; 11.789062; 0.974854; 0.457520; 105; 8673.172423; 7910.396210;
150453073110000090747919; ../../ALL_tsp/rd100.tsp; OpenMP; 8; 6.962891; 5.825439; 1.109619; 0.481445; 105; 8673.172423; 7910.396210;
150453073110000090831475; ../../ALL_tsp/rd100.tsp; OpenMPStatic; 8; 11.596191; 10.655273; 0.625977; 0.479980; 105; 8673.172423; 7910.396210;
15045307317000090917519; ../../ALL_tsp/rd100.tsp; OpenMPDynamic; 8; 8.583008; 6.815430; 1.443359; 0.466064; 105; 8673.172423; 7910.396210;
15045307326500009054517; ../../ALL_tsp/rd100.tsp; OpenMP; 16; 8.805176; 3.029297; 5.726562; 0.467041; 105; 8673.172423; 7910.396210;
1504530732173000096295147; ../../ALL_tsp/rd100.tsp; OpenMPStatic; 16; 134.480957; 5.830322; 128.302490; 0.475098; 119; 8306.056625; 7910.396210;
150453073233000096364713; ../../ALL_tsp/rd100.tsp; OpenMPDynamic; 16; 12.263916; 10.574707; 1.454834; 0.258545; 119; 8306.056625; 7910.396210;
15045307325000096555612; ../../ALL_tsp/rd100.tsp; OpenMPStatic; 1; 48.170166; 47.491455; 0.598877; 0.491455; 119; 8306.056625; 7910.396210;
15045307325000096679213; ../../ALL_tsp/rd100.tsp; OpenMPDynamic; 1; 48.462891; 47.775635; 0.593750; 0.489502; 119; 8306.056625; 7910.396210;
15045307325000096776341; ../../ALL_tsp/rd100.tsp; OpenMP; 2; 24.763184; 23.935547; 0.789307; 0.518799; 119; 8306.056625; 7910.396210;
15045307327000096880721; ../../ALL_tsp/rd100.tsp; OpenMPStatic; 2; 36.297852; 35.409180; 0.691162; 0.521729; 119; 8306.056625; 7910.396210;
15045307325000096984140; ../../ALL_tsp/rd100.tsp; OpenMPDynamic; 2; 26.751953; 25.647217; 0.877197; 0.517578; 119; 8306.056625; 7910.396210;
1504530733500002067231; ../../ALL_tsp/rd100.tsp; OpenMP; 4; 12.314941; 11.438721; 0.844971; 0.477051; 111; 8131.879115; 7910.396210;
15045307339000020165143; ../../ALL_tsp/rd100.tsp; OpenMPStatic; 4; 20.452148; 19.596436; 0.631592; 0.488525; 111; 8131.879115; 7910.396210;
15045307336000020253372; ../../ALL_tsp/rd100.tsp; OpenMPDynamic; 4; 13.707031; 12.355225; 1.035889; 0.482910; 111; 8131.879115; 7910.396210;
150453073310000020335189; ../../ALL_tsp/rd100.tsp; OpenMP; 8; 7.323975; 6.139160; 1.125732; 0.493896; 111; 8131.879115; 7910.396210;
150453073312000020423475; ../../ALL_tsp/rd100.tsp; OpenMPStatic; 8; 12.570068; 11.514648; 0.714111; 0.492188; 111; 8131.879115; 7910.396210;
1504530733146000020706982; ../../ALL_tsp/rd100.tsp; OpenMPDynamic; 8; 197.244873; 101.727539; 95.290283; 0.300537; 111; 8131.879115; 7910.396210;
1504530733291000020963505; ../../ALL_tsp/rd100.tsp; OpenMP; 16; 177.036865; 1.514160; 175.456787; 0.254639; 111; 8131.879115; 7910.396210;
15045307347100001167070; ../../ALL_tsp/rd100.tsp; OpenMPStatic; 16; 27.583008; 3.521484; 23.822266; 0.311768; 104; 8775.442571; 7910.396210;
150453073458000011180230; ../../ALL_tsp/rd100.tsp; OpenMPDynamic; 16; 9.447021; 6.919678; 2.191650; 0.427979; 104; 8775.442571; 7910.396210;
15045307344000011306993; ../../ALL_tsp/rd100.tsp; OpenMP; 1; 42.351807; 41.805420; 0.500977; 0.420166; 104; 8775.442571; 7910.396210;
15045307344000011423694; ../../ALL_tsp/rd100.tsp; OpenMPStatic; 1; 42.206055; 41.624268; 0.511963; 0.423096; 104; 8775.442571; 7910.396210;
15045307344000011536792; ../../ALL_tsp/rd100.tsp; OpenMPDynamic; 1; 42.082031; 41.488770; 0.509521; 0.418213; 104; 8775.442571; 7910.396210;
15045307344000011645026; ../../ALL_tsp/rd100.tsp; OpenMP; 2; 21.760986; 20.974121; 0.749023; 0.477051; 104; 8775.442571; 7910.396210;
15045307346000011745960; ../../ALL_tsp/rd100.tsp; OpenMPStatic; 2; 31.603027; 30.810791; 0.609131; 0.452881; 104; 8775.442571; 7910.396210;
15045307344000011844385; ../../ALL_tsp/rd100.tsp; OpenMPDynamic; 2; 23.260986; 22.302979; 0.757080; 0.463623; 104; 8775.442571; 7910.396210;
15045307345000011931613; ../../ALL_tsp/rd100.tsp; OpenMP; 4; 11.645996; 10.741699; 0.874756; 0.477539; 104; 8775.442571; 7910.396210;
1504530735800004824090; ../../ALL_tsp/rd100.tsp; OpenMPStatic; 4; 19.559082; 18.739746; 0.599121; 0.462646; 106; 8434.572566; 7910.396210;
15045307355000048117347; ../../ALL_tsp/rd100.tsp; OpenMPDynamic; 4; 12.802002; 11.600342; 0.964844; 0.463867; 106; 8434.572566; 7910.396210;
15045307356000048198779; ../../ALL_tsp/rd100.tsp; OpenMP; 8; 6.988037; 5.896729; 1.065430; 0.480957; 106; 8434.572566; 7910.396210;
150453073516000048300053; ../../ALL_tsp/rd100.tsp; OpenMPStatic; 8; 12.217041; 11.142822; 0.755615; 0.482178; 106; 8434.572566; 7910.396210;
15045307357000048383411; ../../ALL_tsp/rd100.tsp; OpenMPDynamic; 8; 8.612793; 6.803955; 1.483887; 0.478760; 106; 8434.572566; 7910.396210;
1504530735237000048684111; ../../ALL_tsp/rd100.tsp; OpenMP; 16; 158.320068; 1.484619; 156.734375; 0.259033; 106; 8434.572566; 7910.396210;
1504530735176000048858640; ../../ALL_tsp/rd100.tsp; OpenMPStatic; 16; 105.252930; 3.407227; 101.612061; 0.310547; 106; 8434.572566; 7910.396210;
150453073553000048968753; ../../ALL_tsp/rd100.tsp; OpenMPDynamic; 16; 13.126953; 10.768066; 2.060547; 0.354492; 106; 8434.572566; 7910.396210;
1504530736500006782714; ../../ALL_tsp/rd100.tsp; OpenMP; 1; 48.903076; 48.276611; 0.581299; 0.487549; 121; 8534.112394; 7910.396210;
15045307365000067208739; ../../ALL_tsp/rd100.tsp; OpenMPStatic; 1; 49.160156; 48.469971; 0.603271; 0.485352; 121; 8534.112394; 7910.396210;
15045307365000067338644; ../../ALL_tsp/rd100.tsp; OpenMPDynamic; 1; 49.249023; 48.563232; 0.593262; 0.495117; 121; 8534.112394; 7910.396210;
15045307365000067443960; ../../ALL_tsp/rd100.tsp; OpenMP; 2; 25.537842; 24.328613; 1.163574; 0.539551; 121; 8534.112394; 7910.396210;
15045307367000067552450; ../../ALL_tsp/rd100.tsp; OpenMPStatic; 2; 37.159912; 36.230469; 0.725830; 0.535400; 121; 8534.112394; 7910.396210;
15045307366000067684260; ../../ALL_tsp/rd100.tsp; OpenMPDynamic; 2; 27.534912; 26.392334; 0.889893; 0.553711; 121; 8534.112394; 7910.396210;
15045307366000067788481; ../../ALL_tsp/rd100.tsp; OpenMP; 4; 13.438965; 12.497559; 0.911621; 0.537842; 121; 8534.112394; 7910.396210;
15045307369000067889783; ../../ALL_tsp/rd100.tsp; OpenMPStatic; 4; 22.284912; 21.359863; 0.683350; 0.541260; 121; 8534.112394; 7910.396210;
1504530737500002816121; ../../ALL_tsp/rd100.tsp; OpenMPDynamic; 4; 12.041992; 10.875732; 0.901855; 0.438477; 97; 8659.918770; 7910.396210;
15045307371000002897595; ../../ALL_tsp/rd100.tsp; OpenMP; 8; 6.457031; 5.367432; 1.060547; 0.432373; 97; 8659.918770; 7910.396210;
150453073710000028245865; ../../ALL_tsp/rd100.tsp; OpenMPStatic; 8; 10.809082; 9.908447; 0.588867; 0.452148; 97; 8659.918770; 7910.396210;
150453073711000028385955; ../../ALL_tsp/rd100.tsp; OpenMPDynamic; 8; 7.988037; 6.276611; 1.419434; 0.438721; 97; 8659.918770; 7910.396210;
1504530737275000028672895; ../../ALL_tsp/rd100.tsp; OpenMP; 16; 177.951904; 2.196289; 175.682861; 0.369385; 97; 8659.918770; 7910.396210;
150453073725000028733923; ../../ALL_tsp/rd100.tsp; OpenMPStatic; 16; 7.398193; 2.530518; 4.676270; 0.216797; 97; 8659.918770; 7910.396210;
150453073730000028808394; ../../ALL_tsp/rd100.tsp; OpenMPDynamic; 16; 5.593018; 3.308594; 1.984131; 0.355957; 97; 8659.918770; 7910.396210;
15045307374000028918115; ../../ALL_tsp/rd100.tsp; OpenMP; 1; 38.941895; 38.432129; 0.469238; 0.392578; 97; 8659.918770; 7910.396210;
1504530738400002830355; ../../ALL_tsp/rd100.tsp; OpenMPStatic; 1; 39.179932; 38.608154; 0.496582; 0.401855; 97; 8659.918770; 7910.396210;
15045307384000016154768; ../../ALL_tsp/rd100.tsp; OpenMPDynamic; 1; 41.659180; 41.006104; 0.562744; 0.461670; 103; 8439.268739; 7910.396210;
15045307384000016250625; ../../ALL_tsp/rd100.tsp; OpenMP; 2; 21.405029; 20.697266; 0.673828; 0.453857; 103; 8439.268739; 7910.396210;
15045307386000016352799; ../../ALL_tsp/rd100.tsp; OpenMPStatic; 2; 31.349121; 30.591797; 0.592529; 0.440186; 103; 8439.268739; 7910.396210;
15045307384000016458414; ../../ALL_tsp/rd100.tsp; OpenMPDynamic; 2; 23.164062; 22.185303; 0.782959; 0.455322; 103; 8439.268739; 7910.396210;
15045307385000016541202; ../../ALL_tsp/rd100.tsp; OpenMP; 4; 11.526855; 10.611572; 0.870117; 0.453369; 103; 8439.268739; 7910.396210;
15045307388000016636252; ../../ALL_tsp/rd100.tsp; OpenMPStatic; 4; 19.018066; 18.156982; 0.592773; 0.457764; 103; 8439.268739; 7910.396210;
15045307385000016719496; ../../ALL_tsp/rd100.tsp; OpenMPDynamic; 4; 12.843018; 11.557373; 0.970947; 0.454834; 103; 8439.268739; 7910.396210;
150453073810000016816583; ../../ALL_tsp/rd100.tsp; OpenMP; 8; 6.760986; 5.662109; 1.033691; 0.470215; 103; 8439.268739; 7910.396210;
150453073846000016984092; ../../ALL_tsp/rd100.tsp; OpenMPStatic; 8; 52.665039; 5.005859; 47.468018; 0.263916; 103; 8439.268739; 7910.396210;
15045307391900008487485; ../../ALL_tsp/rd100.tsp; OpenMPDynamic; 8; 19.774170; 18.010498; 1.449951; 0.518066; 107; 8522.408572; 7910.396210;
150453073948000084204728; ../../ALL_tsp/rd100.tsp; OpenMP; 16; 13.894043; 3.115234; 10.738525; 0.520508; 107; 8522.408572; 7910.396210;
150453073972000084386666; ../../ALL_tsp/rd100.tsp; OpenMPStatic; 16; 28.782959; 6.052979; 22.405762; 0.514648; 107; 8522.408572; 7910.396210;
1504530739131000084561907; ../../ALL_tsp/rd100.tsp; OpenMPDynamic; 16; 77.030029; 44.417480; 32.261230; 0.524658; 107; 8522.408572; 7910.396210;
15045307581914000075787097; ../../ALL_tsp/pr1002.tsp; OpenMP; 1; 19140.531006; 19121.779785; 18.622070; 18.246094; 1271; 283225.617646; 259066.663053;
15045307781956000094423602; ../../ALL_tsp/pr1002.tsp; OpenMPStatic; 1; 19562.886963; 19543.460938; 18.908447; 18.327637; 1300; 283182.726730; 259066.663053;
15045307971914000039629292; ../../ALL_tsp/pr1002.tsp; OpenMPDynamic; 1; 19141.641113; 19122.403809; 18.636719; 18.079102; 1274; 288194.006004; 259066.663053;
15045308072012000028853247; ../../ALL_tsp/pr1002.tsp; OpenMP; 2; 10055.469971; 10001.252441; 54.115234; 19.193604; 1310; 286456.602159; 259066.663053;
15045308222938000049618978; ../../ALL_tsp/pr1002.tsp; OpenMPStatic; 2; 14685.368164; 14660.484619; 22.267334; 18.514893; 1288; 281294.991235; 259066.663053;
15045308321978000012573111; ../../ALL_tsp/pr1002.tsp; OpenMPDynamic; 2; 9887.510986; 9856.820312; 29.638672; 19.951660; 1275; 287538.468033; 259066.663053;
15045308372000000046642753; ../../ALL_tsp/pr1002.tsp; OpenMP; 4; 4997.427979; 4975.896973; 21.401367; 19.428223; 1268; 285555.448306; 259066.663053;
15045308463376000094124238; ../../ALL_tsp/pr1002.tsp; OpenMPStatic; 4; 8437.236084; 8410.933594; 21.796387; 18.720215; 1276; 281966.885912; 259066.663053;
1504530851200700001196630; ../../ALL_tsp/pr1002.tsp; OpenMPDynamic; 4; 5018.164795; 4989.035156; 27.376221; 19.956055; 1287; 284363.468064; 259066.663053;
15045308532123000032921006; ../../ALL_tsp/pr1002.tsp; OpenMP; 8; 2657.311035; 2572.842529; 84.345947; 19.978271; 1253; 283199.050428; 259066.663053;
15045308583728000043620199; ../../ALL_tsp/pr1002.tsp; OpenMPStatic; 8; 4656.331055; 4633.808350; 20.458984; 19.434814; 1290; 279924.854807; 259066.663053;
15045308612214000084514825; ../../ALL_tsp/pr1002.tsp; OpenMPDynamic; 8; 2762.743896; 2733.222168; 27.307617; 21.226318; 1304; 281712.472870; 259066.663053;
15045308632634000061303155; ../../ALL_tsp/pr1002.tsp; OpenMP; 16; 1724.376953; 1344.240234; 379.893066; 20.610352; 1285; 287609.738396; 259066.663053;
150453086642550000858709; ../../ALL_tsp/pr1002.tsp; OpenMPStatic; 16; 2652.864990; 2605.623291; 44.549316; 20.584473; 1286; 285226.164814; 259066.663053;
15045308672416000073589462; ../../ALL_tsp/pr1002.tsp; OpenMPDynamic; 16; 1492.492920; 1456.235840; 33.247803; 22.056396; 1281; 287658.260793; 259066.663053;
1504530887195200001141955; ../../ALL_tsp/pr1002.tsp; OpenMP; 1; 19520.103027; 19501.483887; 18.493652; 18.132324; 1313; 283673.904090; 259066.663053;
15045309061917000093378565; ../../ALL_tsp/pr1002.tsp; OpenMPStatic; 1; 19169.313965; 19150.049316; 18.780273; 18.245361; 1280; 284155.234596; 259066.663053;
1504530926195900007235987; ../../ALL_tsp/pr1002.tsp; OpenMPDynamic; 1; 19587.451172; 19568.098633; 18.861328; 18.273682; 1296; 281487.829976; 259066.663053;
15045309351958000036959990; ../../ALL_tsp/pr1002.tsp; OpenMP; 2; 9784.476074; 9722.772949; 61.562500; 19.075439; 1273; 286695.800853; 259066.663053;
15045309502924000056663815; ../../ALL_tsp/pr1002.tsp; OpenMPStatic; 2; 14613.700195; 14588.277588; 24.355713; 18.582520; 1294; 286900.511977; 259066.663053;
15045309601999000051728019; ../../ALL_tsp/pr1002.tsp; OpenMPDynamic; 2; 9994.136963; 9963.388184; 28.741943; 21.386475; 1295; 286029.314763; 259066.663053;
1504530965206900000962968; ../../ALL_tsp/pr1002.tsp; OpenMP; 4; 5171.176025; 5145.560059; 25.486572; 19.584717; 1298; 285354.054557; 259066.663053;
15045309743385000071474303; ../../ALL_tsp/pr1002.tsp; OpenMPStatic; 4; 8462.377197; 8432.656250; 28.025879; 25.885498; 1280; 288722.821900; 259066.663053;
15045309792028000025614248; ../../ALL_tsp/pr1002.tsp; OpenMPDynamic; 4; 5069.920166; 5044.082031; 23.961914; 19.627441; 1278; 288497.457439; 259066.663053;
15045309822098000097280133; ../../ALL_tsp/pr1002.tsp; OpenMP; 8; 2619.387939; 2548.748535; 70.526611; 19.707520; 1274; 288168.215362; 259066.663053;
1504530987378900007956904; ../../ALL_tsp/pr1002.tsp; OpenMPStatic; 8; 4735.070068; 4710.981934; 22.310791; 21.309326; 1307; 283514.730595; 259066.663053;
1504530989221500000924040; ../../ALL_tsp/pr1002.tsp; OpenMPDynamic; 8; 2765.204102; 2735.965576; 26.817383; 20.714844; 1305; 282516.406206; 259066.663053;
15045309912524000071635184; ../../ALL_tsp/pr1002.tsp; OpenMP; 16; 1585.194092; 1408.151855; 176.749023; 21.734619; 1275; 286344.439600; 259066.663053;
1504530994445500001544393; ../../ALL_tsp/pr1002.tsp; OpenMPStatic; 16; 2843.556152; 2648.900146; 192.133545; 21.484619; 1277; 286986.028482; 259066.663053;
1504530996226000009812; ../../ALL_tsp/pr1002.tsp; OpenMPDynamic; 16; 1403.213867; 1369.643799; 31.114746; 20.255615; 1272; 284193.685797; 259066.663053;
15045310151931000060374394; ../../ALL_tsp/pr1002.tsp; OpenMP; 1; 19312.435059; 19293.770508; 18.532959; 18.148193; 1293; 278923.116011; 259066.663053;
15045310351991000052356138; ../../ALL_tsp/pr1002.tsp; OpenMPStatic; 1; 19910.058838; 19890.279541; 19.314941; 18.703613; 1317; 283288.198490; 259066.663053;
15045310541952000051932308; ../../ALL_tsp/pr1002.tsp; OpenMPDynamic; 1; 19508.461914; 19489.041260; 18.865479; 18.343994; 1298; 283280.142263; 259066.663053;
1504531065200100001486815; ../../ALL_tsp/pr1002.tsp; OpenMP; 2; 10001.736084; 9877.280029; 124.316406; 19.375732; 1283; 282988.978398; 259066.663053;
15045310792903000097666667; ../../ALL_tsp/pr1002.tsp; OpenMPStatic; 2; 14511.969971; 14487.072998; 23.836914; 18.549072; 1280; 286213.800758; 259066.663053;
15045310891990000042688874; ../../ALL_tsp/pr1002.tsp; OpenMPDynamic; 2; 9949.793945; 9919.620850; 28.910889; 19.521729; 1289; 284264.599354; 259066.663053;
15045310942025000033817555; ../../ALL_tsp/pr1002.tsp; OpenMP; 4; 5058.856934; 5034.343506; 24.389648; 19.933594; 1275; 282588.441121; 259066.663053;
15045311033451000086485276; ../../ALL_tsp/pr1002.tsp; OpenMPStatic; 4; 8625.340820; 8595.021240; 28.548340; 26.281982; 1299; 283909.106528; 259066.663053;
15045311082067000093723875; ../../ALL_tsp/pr1002.tsp; OpenMPDynamic; 4; 5168.148926; 5139.604736; 26.800537; 19.812256; 1311; 287567.698427; 259066.663053;
15045311112194000080515518; ../../ALL_tsp/pr1002.tsp; OpenMP; 8; 2740.447021; 2707.199707; 33.107178; 20.988281; 1306; 286004.384990; 259066.663053;
1504531116383700009353373; ../../ALL_tsp/pr1002.tsp; OpenMPStatic; 8; 4794.051025; 4767.761719; 24.821045; 23.469727; 1323; 281174.822407; 259066.663053;
15045311192209000098229852; ../../ALL_tsp/pr1002.tsp; OpenMPDynamic; 8; 2759.451172; 2730.030273; 27.326660; 21.090576; 1292; 283811.718616; 259066.663053;
15045311202467000095872267; ../../ALL_tsp/pr1002.tsp; OpenMP; 16; 1558.323975; 1425.557129; 132.553467; 21.846924; 1302; 282602.096386; 259066.663053;
15045311234352000043645431; ../../ALL_tsp/pr1002.tsp; OpenMPStatic; 16; 2697.494873; 2664.844727; 29.968262; 20.997314; 1286; 284820.829953; 259066.663053;
15045311252642000055395748; ../../ALL_tsp/pr1002.tsp; OpenMPDynamic; 16; 1687.968994; 1540.682617; 144.772461; 20.861084; 1295; 283614.011554; 259066.663053;
150453114519650000080983; ../../ALL_tsp/pr1002.tsp; OpenMP; 1; 19647.370850; 19628.392822; 18.855713; 18.549561; 1318; 279893.633723; 259066.663053;
1504531164193300007472302; ../../ALL_tsp/pr1002.tsp; OpenMPStatic; 1; 19321.877930; 19302.906250; 18.442383; 17.909424; 1279; 284963.897246; 259066.663053;
15045311831912000083650600; ../../ALL_tsp/pr1002.tsp; OpenMPDynamic; 1; 19118.488037; 19099.778076; 18.231445; 17.666748; 1273; 282697.883028; 259066.663053;
15045311932006000020779230; ../../ALL_tsp/pr1002.tsp; OpenMP; 2; 10027.763916; 9978.993408; 48.646729; 19.710205; 1303; 284934.156367; 259066.663053;
15045312082924000087460671; ../../ALL_tsp/pr1002.tsp; OpenMPStatic; 2; 14612.468018; 14588.801758; 21.441895; 18.308350; 1297; 279793.183167; 259066.663053;
15045312182012000070581278; ../../ALL_tsp/pr1002.tsp; OpenMPDynamic; 2; 10056.850098; 10026.160645; 29.069092; 19.519287; 1298; 277334.363398; 259066.663053;
15045312231995000080632542; ../../ALL_tsp/pr1002.tsp; OpenMP; 4; 4984.909912; 4961.309326; 23.476318; 19.007812; 1271; 287440.444448; 259066.663053;
15045312323429000021249442; ../../ALL_tsp/pr1002.tsp; OpenMPStatic; 4; 8568.121826; 8538.794678; 26.013184; 19.821045; 1277; 283608.195230; 259066.663053;
15045312372027000046362152; ../../ALL_tsp/pr1002.tsp; OpenMPDynamic; 4; 5066.180176; 5036.403320; 28.134766; 19.853027; 1289; 286645.565766; 259066.663053;
1504531240215500006101951; ../../ALL_tsp/pr1002.tsp; OpenMP; 8; 2686.010010; 2651.874756; 33.938232; 20.642090; 1304; 283988.687232; 259066.663053;
1504531245391300008538550; ../../ALL_tsp/pr1002.tsp; OpenMPStatic; 8; 4888.708984; 4858.741699; 24.391602; 20.062988; 1314; 284487.000678; 259066.663053;
15045312472203000030941994; ../../ALL_tsp/pr1002.tsp; OpenMPDynamic; 8; 2790.346924; 2634.158936; 154.198730; 19.538818; 1285; 282802.238750; 259066.663053;
15045312492399000091497679; ../../ALL_tsp/pr1002.tsp; OpenMP; 16; 1486.824951; 1447.118652; 39.524414; 22.716797; 1297; 292010.004126; 259066.663053;
15045312524287000025225378; ../../ALL_tsp/pr1002.tsp; OpenMPStatic; 16; 2664.416992; 2617.753662; 44.162598; 20.561523; 1302; 285141.829893; 259066.663053;
15045312532313000080710805; ../../ALL_tsp/pr1002.tsp; OpenMPDynamic; 16; 1437.007812; 1402.205566; 31.906250; 20.647705; 1294; 283949.896099; 259066.663053;
15045312731950000015253712; ../../ALL_tsp/pr1002.tsp; OpenMP; 1; 19499.413818; 19480.825928; 18.459717; 18.112549; 1309; 283273.416981; 259066.663053;
15045312921928000024608363; ../../ALL_tsp/pr1002.tsp; OpenMPStatic; 1; 19275.778076; 19256.532471; 18.732910; 18.205811; 1275; 281479.761458; 259066.663053;
15045313121955000085227492; ../../ALL_tsp/pr1002.tsp; OpenMPDynamic; 1; 19544.156006; 19524.812500; 18.834473; 18.189697; 1288; 281997.707161; 259066.663053;
15045313222013000094418989; ../../ALL_tsp/pr1002.tsp; OpenMP; 2; 10060.781982; 9994.671875; 65.980469; 19.184082; 1306; 283438.316370; 259066.663053;
1504531337291300005948633; ../../ALL_tsp/pr1002.tsp; OpenMPStatic; 2; 14559.447998; 14535.165771; 21.806641; 18.293701; 1278; 285384.162862; 259066.663053;
1504531347198300001733555; ../../ALL_tsp/pr1002.tsp; OpenMPDynamic; 2; 9915.169189; 9885.743652; 28.088379; 19.495117; 1285; 283786.471712; 259066.663053;
15045313522012000095128759; ../../ALL_tsp/pr1002.tsp; OpenMP; 4; 5028.923096; 5006.278564; 22.511230; 19.371582; 1285; 284590.565569; 259066.663053;
15045313603445000013782866; ../../ALL_tsp/pr1002.tsp; OpenMPStatic; 4; 8609.558105; 8585.623047; 22.371338; 19.092285; 1290; 281469.202951; 259066.663053;
15045313652005000045840745; ../../ALL_tsp/pr1002.tsp; OpenMPDynamic; 4; 5012.060059; 4986.212646; 23.845703; 19.231689; 1308; 281475.727756; 259066.663053;
15045313682169000060619366; ../../ALL_tsp/pr1002.tsp; OpenMP; 8; 2703.512939; 2652.095459; 51.148926; 20.602783; 1301; 284875.411074; 259066.663053;
15045313733871000024505310; ../../ALL_tsp/pr1002.tsp; OpenMPStatic; 8; 4835.540039; 4811.400146; 22.069580; 20.764893; 1308; 279673.117658; 259066.663053;
15045313762203000063350805; ../../ALL_tsp/pr1002.tsp; OpenMPDynamic; 8; 2744.812012; 2716.469727; 26.235840; 20.483643; 1303; 282605.067541; 259066.663053;
15045313772362000068873117; ../../ALL_tsp/pr1002.tsp; OpenMP; 16; 1469.276855; 1431.973633; 36.980713; 21.976562; 1303; 288992.252891; 259066.663053;
1504531380433100005629530; ../../ALL_tsp/pr1002.tsp; OpenMPStatic; 16; 2692.534912; 2657.552246; 32.364746; 21.476807; 1293; 284973.415188; 259066.663053;
150453138222890000097767; ../../ALL_tsp/pr1002.tsp; OpenMPDynamic; 16; 1426.979980; 1392.828125; 31.452637; 20.337891; 1281; 286284.853348; 259066.663053;
15045314011933000034464368; ../../ALL_tsp/pr1002.tsp; OpenMP; 1; 19331.527832; 19312.974121; 18.435303; 18.154053; 1293; 287612.378295; 259066.663053;
15045314201912000064641290; ../../ALL_tsp/pr1002.tsp; OpenMPStatic; 1; 19117.071045; 19098.200928; 18.391357; 17.820557; 1275; 286138.328081; 259066.663053;
15045314401953000043232453; ../../ALL_tsp/pr1002.tsp; OpenMPDynamic; 1; 19527.897949; 19508.805176; 18.630859; 18.102539; 1293; 284214.435746; 259066.663053;
15045314502024000092463101; ../../ALL_tsp/pr1002.tsp; OpenMP; 2; 10119.982178; 10040.544922; 79.340088; 19.722900; 1307; 277917.224350; 259066.663053;
1504531465293900000216680; ../../ALL_tsp/pr1002.tsp; OpenMPStatic; 2; 14694.111816; 14669.637207; 22.031006; 18.943848; 1290; 280972.140650; 259066.663053;
15045314751993000038244335; ../../ALL_tsp/pr1002.tsp; OpenMPDynamic; 2; 9959.439941; 9930.447510; 27.228027; 20.485107; 1293; 284522.464374; 259066.663053;
15045314801995000056295970; ../../ALL_tsp/pr1002.tsp; OpenMP; 4; 4986.655029; 4962.113770; 24.408203; 19.365234; 1276; 285164.609097; 259066.663053;
15045314883347000021699762; ../../ALL_tsp/pr1002.tsp; OpenMPStatic; 4; 8365.721924; 8343.469727; 20.160400; 18.740723; 1275; 284624.624423; 259066.663053;
15045314931987000017709400; ../../ALL_tsp/pr1002.tsp; OpenMPDynamic; 4; 4968.601807; 4942.981689; 23.445557; 19.485840; 1272; 287157.226254; 259066.663053;
15045314962184000025495122; ../../ALL_tsp/pr1002.tsp; OpenMP; 8; 2725.347168; 2693.840332; 31.228271; 21.141602; 1310; 280805.747978; 259066.663053;
15045315013714000091177032; ../../ALL_tsp/pr1002.tsp; OpenMPStatic; 8; 4640.144043; 4614.246582; 24.234131; 22.704590; 1281; 290671.050591; 259066.663053;
1504531504220800009817681; ../../ALL_tsp/pr1002.tsp; OpenMPDynamic; 8; 2751.927002; 2722.878418; 26.970947; 20.684082; 1322; 285371.995927; 259066.663053;
15045315052725000046813559; ../../ALL_tsp/pr1002.tsp; OpenMP; 16; 1708.865967; 1402.119385; 306.465820; 21.796631; 1290; 285546.042765; 259066.663053;
15045315084307000084563173; ../../ALL_tsp/pr1002.tsp; OpenMPStatic; 16; 2672.369141; 2586.628418; 83.106689; 20.321777; 1289; 280932.462805; 259066.663053;
1504531510236100008585841; ../../ALL_tsp/pr1002.tsp; OpenMPDynamic; 16; 1462.049072; 1425.644043; 33.500488; 22.126221; 1304; 282492.106689; 259066.663053;
15045315291928000040407737; ../../ALL_tsp/pr1002.tsp; OpenMP; 1; 19287.185059; 19268.613525; 18.448730; 18.116699; 1290; 279975.952645; 259066.663053;
15045315481942000098890376; ../../ALL_tsp/pr1002.tsp; OpenMPStatic; 1; 19414.648926; 19395.481201; 18.691895; 18.106934; 1294; 288409.254254; 259066.663053;
15045315681979000069747102; ../../ALL_tsp/pr1002.tsp; OpenMPDynamic; 1; 19787.703125; 19768.266357; 18.955078; 18.420654; 1310; 283719.088233; 259066.663053;
15045315781977000093742953; ../../ALL_tsp/pr1002.tsp; OpenMP; 2; 9882.404785; 9815.498291; 66.796143; 18.873779; 1283; 284848.177679; 259066.663053;
1504531593293900007502864; ../../ALL_tsp/pr1002.tsp; OpenMPStatic; 2; 14692.395020; 14664.695068; 24.528320; 18.970459; 1297; 284055.328193; 259066.663053;
15045316032029000095717558; ../../ALL_tsp/pr1002.tsp; OpenMPDynamic; 2; 10142.541016; 10109.535645; 31.147461; 22.295166; 1306; 284614.512450; 259066.663053;
15045316082065000094950193; ../../ALL_tsp/pr1002.tsp; OpenMP; 4; 5162.232178; 5113.214355; 48.893555; 19.965820; 1313; 286987.454011; 259066.663053;
15045316173466000041658635; ../../ALL_tsp/pr1002.tsp; OpenMPStatic; 4; 8663.035889; 8635.164062; 22.656006; 19.065186; 1303; 282013.781668; 259066.663053;
15045316221985000071666934; ../../ALL_tsp/pr1002.tsp; OpenMPDynamic; 4; 4960.166016; 4935.197266; 23.020508; 19.326904; 1294; 285060.707996; 259066.663053;
1504531625210300005351171; ../../ALL_tsp/pr1002.tsp; OpenMP; 8; 2627.364014; 2596.178467; 30.970947; 20.346680; 1274; 286650.531120; 259066.663053;
15045316303864000014222569; ../../ALL_tsp/pr1002.tsp; OpenMPStatic; 8; 4827.768066; 4800.592285; 21.813965; 19.760010; 1295; 283011.666946; 259066.663053;
15045316332196000080129044; ../../ALL_tsp/pr1002.tsp; OpenMPDynamic; 8; 2734.682861; 2705.364502; 27.127441; 21.028320; 1286; 284657.488472; 259066.663053;
15045316342424000060713291; ../../ALL_tsp/pr1002.tsp; OpenMP; 16; 1498.413086; 1412.071289; 86.084229; 21.370117; 1288; 280560.673926; 259066.663053;
15045316374224000094400921; ../../ALL_tsp/pr1002.tsp; OpenMPStatic; 16; 2620.098877; 2592.471191; 25.198242; 20.709473; 1262; 291551.554761; 259066.663053;
15045316382341000094917735; ../../ALL_tsp/pr1002.tsp; OpenMPDynamic; 16; 1447.960205; 1392.783203; 52.737793; 20.664062; 1290; 282847.448823; 259066.663053;
1504531658196500009615003; ../../ALL_tsp/pr1002.tsp; OpenMP; 1; 19653.111816; 19634.307373; 18.651855; 18.245117; 1320; 286097.986327; 259066.663053;
15045316781953000057212899; ../../ALL_tsp/pr1002.tsp; OpenMPStatic; 1; 19524.366943; 19505.075684; 18.774170; 18.133057; 1295; 284311.771967; 259066.663053;
15045316971943000098713292; ../../ALL_tsp/pr1002.tsp; OpenMPDynamic; 1; 19428.829102; 19409.642578; 18.659668; 18.077393; 1290; 284394.362069; 259066.663053;
1504531707198600007751556; ../../ALL_tsp/pr1002.tsp; OpenMP; 2; 9927.588867; 9885.141357; 42.327637; 19.016846; 1285; 285496.428065; 259066.663053;
15045317222987000070759180; ../../ALL_tsp/pr1002.tsp; OpenMPStatic; 2; 14927.852051; 14902.233643; 24.568604; 18.706787; 1312; 283944.880787; 259066.663053;
15045317322017000025908844; ../../ALL_tsp/pr1002.tsp; OpenMPDynamic; 2; 10085.367920; 10052.695068; 31.017822; 21.512939; 1307; 287318.844390; 259066.663053;
1504531738202700005338285; ../../ALL_tsp/pr1002.tsp; OpenMP; 4; 5065.001953; 5009.236328; 55.642090; 19.201172; 1294; 283726.075955; 259066.663053;
15045317463408000026604237; ../../ALL_tsp/pr1002.tsp; OpenMPStatic; 4; 8518.420898; 8492.221191; 22.447021; 18.994629; 1281; 281570.121774; 259066.663053;
1504531751207500000838854; ../../ALL_tsp/pr1002.tsp; OpenMPDynamic; 4; 5186.951904; 5156.744873; 28.411865; 19.780273; 1313; 282119.909318; 259066.663053;
15045317542116000052531411; ../../ALL_tsp/pr1002.tsp; OpenMP; 8; 2642.884033; 2607.293945; 35.477051; 20.391113; 1280; 285132.917453; 259066.663053;
15045317593653000043139955; ../../ALL_tsp/pr1002.tsp; OpenMPStatic; 8; 4562.149902; 4541.021729; 19.695312; 18.485107; 1261; 286894.017397; 259066.663053;
15045317612174000032951550; ../../ALL_tsp/pr1002.tsp; OpenMPDynamic; 8; 2710.611084; 2681.155273; 27.216309; 20.574951; 1274; 287998.039755; 259066.663053;
15045317632379000043486093; ../../ALL_tsp/pr1002.tsp; OpenMP; 16; 1471.271973; 1434.738281; 36.334473; 22.207764; 1304; 288335.180838; 259066.663053;
15045317664546000056370467; ../../ALL_tsp/pr1002.tsp; OpenMPStatic; 16; 2821.057129; 2796.042480; 22.404053; 20.085449; 1272; 285585.788980; 259066.663053;
15045317672359000022887131; ../../ALL_tsp/pr1002.tsp; OpenMPDynamic; 16; 1464.370117; 1417.731445; 44.004395; 20.613037; 1292; 284152.948200; 259066.663053;
15045317871934000085265191; ../../ALL_tsp/pr1002.tsp; OpenMP; 1; 19344.336914; 19325.624268; 18.575928; 18.159180; 1299; 283899.245845; 259066.663053;
1504531806194200009751433; ../../ALL_tsp/pr1002.tsp; OpenMPStatic; 1; 19416.856201; 19397.622803; 18.752930; 18.177734; 1288; 289739.438972; 259066.663053;
15045318261961000024425092; ../../ALL_tsp/pr1002.tsp; OpenMPDynamic; 1; 19604.529053; 19585.143066; 18.880371; 18.306396; 1297; 284697.103515; 259066.663053;
15045318361989000066508960; ../../ALL_tsp/pr1002.tsp; OpenMP; 2; 9941.383057; 9891.410156; 49.852539; 19.171387; 1273; 286525.938397; 259066.663053;
15045318512955000055355206; ../../ALL_tsp/pr1002.tsp; OpenMPStatic; 2; 14767.071045; 14741.594482; 22.961914; 19.092529; 1306; 288842.024305; 259066.663053;
15045318611962000021227851; ../../ALL_tsp/pr1002.tsp; OpenMPDynamic; 2; 9809.798096; 9781.925537; 26.252197; 19.350342; 1276; 282522.368397; 259066.663053;
15045318662045000032403147; ../../ALL_tsp/pr1002.tsp; OpenMP; 4; 5109.333984; 5065.873291; 43.329834; 19.768799; 1293; 282830.041640; 259066.663053;
1504531875342700003618528; ../../ALL_tsp/pr1002.tsp; OpenMPStatic; 4; 8565.148193; 8541.515869; 22.276611; 18.961670; 1299; 286329.619418; 259066.663053;
1504531880198300001220396; ../../ALL_tsp/pr1002.tsp; OpenMPDynamic; 4; 4957.004883; 4927.016846; 28.392578; 19.375000; 1273; 284558.522244; 259066.663053;
15045318822152000080756433; ../../ALL_tsp/pr1002.tsp; OpenMP; 8; 2687.502197; 2662.484619; 24.797607; 20.592773; 1300; 283715.986573; 259066.663053;
15045318873777000051512205; ../../ALL_tsp/pr1002.tsp; OpenMPStatic; 8; 4718.372070; 4696.113037; 20.319824; 19.431641; 1300; 288304.373295; 259066.663053;
1504531890217700002336639; ../../ALL_tsp/pr1002.tsp; OpenMPDynamic; 8; 2721.098877; 2692.662598; 26.458496; 20.743896; 1286; 282902.366749; 259066.663053;
15045318923025000080382034; ../../ALL_tsp/pr1002.tsp; OpenMP; 16; 1971.234863; 1382.578125; 588.504639; 21.344727; 1292; 281680.301031; 259066.663053;
150453189542130000657640; ../../ALL_tsp/pr1002.tsp; OpenMPStatic; 16; 2628.816895; 2551.238525; 74.972900; 20.299316; 1271; 285629.584664; 259066.663053;
15045318962292000026529346; ../../ALL_tsp/pr1002.tsp; OpenMPDynamic; 16; 1424.471924; 1390.207031; 31.816895; 20.972900; 1302; 283735.014609; 259066.663053;
15045319151906000014624304; ../../ALL_tsp/pr1002.tsp; OpenMP; 1; 19053.841064; 19035.434082; 18.284180; 17.980713; 1272; 284628.917715; 259066.663053;
15045319351942000037116930; ../../ALL_tsp/pr1002.tsp; OpenMPStatic; 1; 19418.333008; 19399.339844; 18.527588; 18.004639; 1291; 282269.438175; 259066.663053;
15045319541977000031952499; ../../ALL_tsp/pr1002.tsp; OpenMPDynamic; 1; 19770.291992; 19751.023438; 18.782227; 18.223145; 1310; 282998.259888; 259066.663053;
1504531964196000001853269; ../../ALL_tsp/pr1002.tsp; OpenMP; 2; 9796.187012; 9755.677490; 40.410889; 18.683350; 1276; 286660.793241; 259066.663053;
15045319792934000034583082; ../../ALL_tsp/pr1002.tsp; OpenMPStatic; 2; 14665.841064; 14641.082275; 22.489014; 18.857666; 1300; 282089.696938; 259066.663053;
15045319891976000025529076; ../../ALL_tsp/pr1002.tsp; OpenMPDynamic; 2; 9878.732910; 9846.671875; 30.761719; 20.238281; 1281; 282019.808611; 259066.663053;
15045319942031000085677724; ../../ALL_tsp/pr1002.tsp; OpenMP; 4; 5076.069092; 5051.846680; 24.108643; 19.458496; 1300; 283431.501821; 259066.663053;
15045320033491000049454512; ../../ALL_tsp/pr1002.tsp; OpenMPStatic; 4; 8724.266846; 8696.405518; 22.872070; 19.376953; 1305; 285167.442033; 259066.663053;
15045320081994000089488719; ../../ALL_tsp/pr1002.tsp; OpenMPDynamic; 4; 4982.844971; 4952.827148; 28.454102; 19.949463; 1283; 287445.728945; 259066.663053;
15045320112144000058215846; ../../ALL_tsp/pr1002.tsp; OpenMP; 8; 2674.939941; 2617.175293; 57.511475; 20.407959; 1298; 284699.845694; 259066.663053;
150453201637940000893522; ../../ALL_tsp/pr1002.tsp; OpenMPStatic; 8; 4734.757080; 4704.719482; 28.163086; 20.191650; 1283; 284401.975914; 259066.663053;
1504532018220100008848343; ../../ALL_tsp/pr1002.tsp; OpenMPDynamic; 8; 2749.147949; 2719.255859; 27.863281; 21.170898; 1293; 284116.776284; 259066.663053;
15045320202424000025411254; ../../ALL_tsp/pr1002.tsp; OpenMP; 16; 1510.500000; 1456.558350; 53.727295; 22.588135; 1318; 280253.658841; 259066.663053;
15045320234340000049163252; ../../ALL_tsp/pr1002.tsp; OpenMPStatic; 16; 2704.439941; 2652.101807; 49.331543; 20.472900; 1316; 284055.643954; 259066.663053;
15045320242283000033639296; ../../ALL_tsp/pr1002.tsp; OpenMPDynamic; 16; 1407.485840; 1372.957275; 31.634277; 20.730957; 1290; 284473.029334; 259066.663053;
1504532026153000011205075; ../../ALL_tsp/pcb442.tsp; OpenMP; 1; 1527.594971; 1524.069580; 3.478760; 3.374756; 508; 54684.785179; 50783.547514;
150453202717200003989482; ../../ALL_tsp/pcb442.tsp; OpenMPStatic; 1; 1718.798828; 1714.887207; 3.749756; 3.530762; 512; 56115.699753; 50783.547514;
1504532029165000023704936; ../../ALL_tsp/pcb442.tsp; OpenMPDynamic; 1; 1653.270020; 1649.243164; 3.858887; 3.673340; 522; 57217.353944; 50783.547514;
1504532030194000010735914; ../../ALL_tsp/pcb442.tsp; OpenMP; 2; 967.437012; 877.542236; 89.847656; 4.286377; 523; 57460.058043; 50783.547514;
150453203225400005368452; ../../ALL_tsp/pcb442.tsp; OpenMPStatic; 2; 1266.093018; 1259.158936; 6.425537; 4.530029; 515; 55954.238477; 50783.547514;
150453203317600007816379; ../../ALL_tsp/pcb442.tsp; OpenMPDynamic; 2; 879.368896; 870.907227; 7.830811; 4.694824; 492; 56800.783907; 50783.547514;
1504532033205000080603589; ../../ALL_tsp/pcb442.tsp; OpenMP; 4; 512.764160; 506.732422; 5.945312; 5.045410; 513; 56698.586825; 50783.547514;
1504532034320000080451109; ../../ALL_tsp/pcb442.tsp; OpenMPStatic; 4; 800.383789; 792.470947; 6.380859; 5.256592; 513; 56816.977260; 50783.547514;
1504532034196000087985792; ../../ALL_tsp/pcb442.tsp; OpenMPDynamic; 4; 490.039062; 482.239014; 6.944580; 4.371338; 518; 55748.115600; 50783.547514;
1504532035247000099362155; ../../ALL_tsp/pcb442.tsp; OpenMP; 8; 305.367920; 275.837891; 29.349854; 5.388672; 510; 56712.119211; 50783.547514;
1504532035377000099882284; ../../ALL_tsp/pcb442.tsp; OpenMPStatic; 8; 465.611816; 456.834229; 7.745117; 7.270996; 508; 56828.132107; 50783.547514;
1504532036227000099222938; ../../ALL_tsp/pcb442.tsp; OpenMPDynamic; 8; 283.080078; 273.203857; 8.973389; 5.405273; 510; 56778.054257; 50783.547514;
1504532036409000025537280; ../../ALL_tsp/pcb442.tsp; OpenMP; 16; 251.602051; 128.547363; 122.907471; 4.842529; 525; 55453.433807; 50783.547514;
1504532036449000025865834; ../../ALL_tsp/pcb442.tsp; OpenMPStatic; 16; 254.194092; 246.858887; 6.069092; 4.883545; 523; 55441.589448; 50783.547514;
150453203726700002579824; ../../ALL_tsp/pcb442.tsp; OpenMPDynamic; 16; 154.170898; 142.368896; 10.564209; 5.201660; 516; 55808.928088; 50783.547514;
1504532038163000030759621; ../../ALL_tsp/pcb442.tsp; OpenMP; 1; 1637.460205; 1633.544678; 3.851562; 3.733154; 492; 54835.339190; 50783.547514;
1504532040166000024480733; ../../ALL_tsp/pcb442.tsp; OpenMPStatic; 1; 1657.003906; 1652.936523; 3.884521; 3.675537; 510; 55012.756638; 50783.547514;
1504532042164000064195999; ../../ALL_tsp/pcb442.tsp; OpenMPDynamic; 1; 1645.477051; 1641.431152; 3.849609; 3.646484; 516; 57325.267480; 50783.547514;
1504532043188000013199753; ../../ALL_tsp/pcb442.tsp; OpenMP; 2; 942.104980; 844.760010; 97.285645; 4.644043; 501; 56942.006745; 50783.547514;
1504532044253000095525100; ../../ALL_tsp/pcb442.tsp; OpenMPStatic; 2; 1264.172119; 1257.405762; 5.928223; 4.415283; 516; 56457.160538; 50783.547514;
1504532045169000087431503; ../../ALL_tsp/pcb442.tsp; OpenMPDynamic; 2; 844.073975; 835.068848; 8.354492; 4.548828; 512; 56685.055356; 50783.547514;
1504532045193000095977394; ../../ALL_tsp/pcb442.tsp; OpenMP; 4; 483.147949; 477.212646; 5.864502; 4.560303; 506; 55742.206795; 50783.547514;
1504532046316000070824304; ../../ALL_tsp/pcb442.tsp; OpenMPStatic; 4; 788.587891; 781.743164; 6.179688; 5.157959; 500; 56330.704246; 50783.547514;
1504532047188000070339678; ../../ALL_tsp/pcb442.tsp; OpenMPDynamic; 4; 469.794922; 462.344238; 6.683594; 4.163086; 503; 56260.838505; 50783.547514;
1504532047222000038666588; ../../ALL_tsp/pcb442.tsp; OpenMP; 8; 271.943848; 265.044678; 6.831787; 4.976074; 500; 58442.565321; 50783.547514;
1504532048376000038184906; ../../ALL_tsp/pcb442.tsp; OpenMPStatic; 8; 469.217041; 460.676514; 6.113281; 4.943115; 507; 58391.966325; 50783.547514;
1504532048221000052505857; ../../ALL_tsp/pcb442.tsp; OpenMPDynamic; 8; 275.067871; 266.134521; 7.998047; 4.962646; 507; 55301.522399; 50783.547514;
1504532048276000052741845; ../../ALL_tsp/pcb442.tsp; OpenMP; 16; 156.925049; 141.104004; 15.694092; 5.272217; 513; 54454.764162; 50783.547514;
150453204943700005264849; ../../ALL_tsp/pcb442.tsp; OpenMPStatic; 16; 264.185059; 247.757080; 14.841064; 5.137939; 511; 55385.316191; 50783.547514;
1504532049273000029286749; ../../ALL_tsp/pcb442.tsp; OpenMPDynamic; 16; 154.057129; 142.783203; 9.858154; 4.992676; 498; 56802.983057; 50783.547514;
150453205116900002931786; ../../ALL_tsp/pcb442.tsp; OpenMP; 1; 1699.310791; 1695.267578; 3.975098; 3.844482; 498; 56921.083682; 50783.547514;
1504532052157000063664628; ../../ALL_tsp/pcb442.tsp; OpenMPStatic; 1; 1565.722900; 1561.852539; 3.706055; 3.528320; 500; 55236.893748; 50783.547514;
1504532054157000076300310; ../../ALL_tsp/pcb442.tsp; OpenMPDynamic; 1; 1570.932129; 1567.088379; 3.655029; 3.461914; 499; 55707.154979; 50783.547514;
1504532055195000084343723; ../../ALL_tsp/pcb442.tsp; OpenMP; 2; 977.710938; 871.934326; 105.732422; 4.121582; 519; 56194.256245; 50783.547514;
1504532056250000089658183; ../../ALL_tsp/pcb442.tsp; OpenMPStatic; 2; 1249.862061; 1242.904053; 6.486572; 4.431885; 507; 56520.923801; 50783.547514;
1504532057180000031618971; ../../ALL_tsp/pcb442.tsp; OpenMPDynamic; 2; 897.826172; 889.084717; 8.133301; 4.350830; 524; 55915.816195; 50783.547514;
1504532058211000081212519; ../../ALL_tsp/pcb442.tsp; OpenMP; 4; 525.854980; 519.061035; 6.726807; 5.069336; 522; 54704.684346; 50783.547514;
150453205930900006130846; ../../ALL_tsp/pcb442.tsp; OpenMPStatic; 4; 773.592041; 767.066406; 5.687500; 5.260986; 510; 56527.702597; 50783.547514;
1504532059176000036542119; ../../ALL_tsp/pcb442.tsp; OpenMPDynamic; 4; 439.789795; 432.351074; 6.728271; 3.885986; 506; 56311.982197; 50783.547514;
1504532059212000036858428; ../../ALL_tsp/pcb442.tsp; OpenMP; 8; 262.854980; 226.668213; 36.130859; 4.550049; 508; 56313.549218; 50783.547514;
1504532060383000036384322; ../../ALL_tsp/pcb442.tsp; OpenMPStatic; 8; 476.582031; 468.378174; 5.713379; 4.963135; 508; 56033.947223; 50783.547514;
1504532060223000087707602; ../../ALL_tsp/pcb442.tsp; OpenMPDynamic; 8; 275.968018; 266.663330; 8.349121; 5.053955; 506; 55878.876483; 50783.547514;
1504532060293000087948832; ../../ALL_tsp/pcb442.tsp; OpenMP; 16; 168.147949; 141.556396; 26.482422; 5.261963; 510; 55552.083111; 50783.547514;
1504532061443000087285677; ../../ALL_tsp/pcb442.tsp; OpenMPStatic; 16; 262.998047; 256.032227; 5.605957; 5.020508; 508; 55486.506853; 50783.547514;
150453206133600008544571; ../../ALL_tsp/pcb442.tsp; OpenMPDynamic; 16; 209.782959; 161.138184; 47.559570; 4.742920; 484; 58131.252381; 50783.547514;
150453206316400008240538; ../../ALL_tsp/pcb442.tsp; OpenMP; 1; 1639.811035; 1635.861572; 3.904785; 3.769775; 480; 57782.126554; 50783.547514;
150453206415800001885065; ../../ALL_tsp/pcb442.tsp; OpenMPStatic; 1; 1577.079834; 1573.186768; 3.729736; 3.534180; 494; 55568.201372; 50783.547514;
1504532066166000047607193; ../../ALL_tsp/pcb442.tsp; OpenMPDynamic; 1; 1656.512207; 1652.474609; 3.846680; 3.649170; 509; 55829.097258; 50783.547514;
1504532067186000055602206; ../../ALL_tsp/pcb442.tsp; OpenMP; 2; 929.802002; 869.566406; 60.193604; 4.317871; 514; 57125.925519; 50783.547514;
1504532068250000032924248; ../../ALL_tsp/pcb442.tsp; OpenMPStatic; 2; 1253.510986; 1246.699463; 6.298828; 4.378662; 508; 55560.956504; 50783.547514;
1504532069182000085917856; ../../ALL_tsp/pcb442.tsp; OpenMPDynamic; 2; 908.441895; 899.911865; 7.985840; 5.403320; 506; 55849.905896; 50783.547514;
1504532070190000085461004; ../../ALL_tsp/pcb442.tsp; OpenMP; 4; 472.802979; 467.399414; 5.324707; 4.456055; 502; 56426.762918; 50783.547514;
1504532071323000098315916; ../../ALL_tsp/pcb442.tsp; OpenMPStatic; 4; 806.354004; 797.689209; 6.720459; 5.434326; 511; 56139.611398; 50783.547514;
1504532071186000018827329; ../../ALL_tsp/pcb442.tsp; OpenMPDynamic; 4; 465.670166; 458.577393; 6.301758; 4.233643; 498; 56626.109742; 50783.547514;
1504532072230000018174172; ../../ALL_tsp/pcb442.tsp; OpenMP; 8; 279.489014; 272.747070; 6.691650; 5.273926; 497; 56131.213562; 50783.547514;
1504532072380000049701238; ../../ALL_tsp/pcb442.tsp; OpenMPStatic; 8; 473.581055; 466.724854; 5.909424; 5.167969; 514; 56259.214280; 50783.547514;
150453207323500004943446; ../../ALL_tsp/pcb442.tsp; OpenMPDynamic; 8; 288.747070; 279.574219; 8.195068; 4.970947; 525; 55751.750133; 50783.547514;
1504532073354000062326449; ../../ALL_tsp/pcb442.tsp; OpenMP; 16; 216.689941; 147.538086; 69.094482; 5.311768; 506; 55767.077840; 50783.547514;
1504532073439000062648851; ../../ALL_tsp/pcb442.tsp; OpenMPStatic; 16; 266.224121; 245.944092; 19.167725; 4.998779; 506; 55639.541359; 50783.547514;
1504532073264000062867160; ../../ALL_tsp/pcb442.tsp; OpenMPDynamic; 16; 157.337891; 145.648926; 10.397949; 4.966309; 507; 55526.221348; 50783.547514;
1504532075171000062631383; ../../ALL_tsp/pcb442.tsp; OpenMP; 1; 1714.254150; 1710.198730; 3.992188; 3.837646; 508; 55453.856190; 50783.547514;
1504532077166000038356476; ../../ALL_tsp/pcb442.tsp; OpenMPStatic; 1; 1655.950195; 1651.873047; 3.918701; 3.709229; 507; 56306.906064; 50783.547514;
1504532079173000077194349; ../../ALL_tsp/pcb442.tsp; OpenMPDynamic; 1; 1731.086182; 1726.854004; 4.050781; 3.871582; 516; 55602.260577; 50783.547514;
1504532080186000043194004; ../../ALL_tsp/pcb442.tsp; OpenMP; 2; 930.179932; 857.787842; 72.343994; 4.307129; 497; 55883.136124; 50783.547514;
1504532081245000092486107; ../../ALL_tsp/pcb442.tsp; OpenMPStatic; 2; 1225.052002; 1217.841064; 6.104736; 4.219482; 494; 55082.119697; 50783.547514;
1504532082179000069445980; ../../ALL_tsp/pcb442.tsp; OpenMPDynamic; 2; 895.056885; 886.479004; 7.965088; 4.866455; 503; 56029.007514; 50783.547514;
150453208320400009731295; ../../ALL_tsp/pcb442.tsp; OpenMP; 4; 510.656006; 504.191895; 6.398926; 4.904053; 503; 56142.059011; 50783.547514;
1504532083337000028927794; ../../ALL_tsp/pcb442.tsp; OpenMPStatic; 4; 834.026855; 826.429688; 6.859131; 5.556885; 511; 56056.126266; 50783.547514;
1504532084194000028470211; ../../ALL_tsp/pcb442.tsp; OpenMPDynamic; 4; 484.551025; 476.523438; 7.282959; 4.362549; 511; 56056.126266; 50783.547514;
1504532084262000052857583; ../../ALL_tsp/pcb442.tsp; OpenMP; 8; 325.895020; 255.479736; 70.296387; 5.112793; 515; 56826.976628; 50783.547514;
1504532085473000052526836; ../../ALL_tsp/pcb442.tsp; OpenMPStatic; 8; 604.126953; 430.625488; 172.605713; 4.611084; 513; 57050.839853; 50783.547514;
1504532085226000083854964; ../../ALL_tsp/pcb442.tsp; OpenMPDynamic; 8; 279.218994; 270.071777; 8.250000; 4.954834; 530; 56150.697691; 50783.547514;
1504532086303000083107781; ../../ALL_tsp/pcb442.tsp; OpenMP; 16; 177.051025; 164.753174; 12.218262; 6.291260; 529; 55501.112123; 50783.547514;
1504532086445000018437506; ../../ALL_tsp/pcb442.tsp; OpenMPStatic; 16; 259.856201; 247.293701; 11.271484; 6.699707; 509; 55163.700885; 50783.547514;
1504532086258000018645267; ../../ALL_tsp/pcb442.tsp; OpenMPDynamic; 16; 149.612061; 139.174561; 9.274170; 4.513916; 510; 55615.829915; 50783.547514;
1504532088168000018373523; ../../ALL_tsp/pcb442.tsp; OpenMP; 1; 1683.678955; 1679.620605; 3.998535; 3.861084; 510; 55782.111366; 50783.547514;
1504532090156000057121; ../../ALL_tsp/pcb442.tsp; OpenMPStatic; 1; 1559.355225; 1555.460449; 3.735107; 3.552490; 492; 56534.744077; 50783.547514;
1504532091159000090654014; ../../ALL_tsp/pcb442.tsp; OpenMPDynamic; 1; 1590.833984; 1586.972412; 3.698975; 3.502441; 499; 56281.386041; 50783.547514;
1504532092198000076715164; ../../ALL_tsp/pcb442.tsp; OpenMP; 2; 990.093994; 847.393066; 142.660156; 4.445312; 514; 56117.033783; 50783.547514;
150453209425100009839718; ../../ALL_tsp/pcb442.tsp; OpenMPStatic; 2; 1256.984863; 1249.873291; 6.119385; 4.418213; 510; 54596.318289; 50783.547514;
150453209518000003312719; ../../ALL_tsp/pcb442.tsp; OpenMPDynamic; 2; 899.912109; 891.038086; 8.264893; 4.953613; 515; 56403.376740; 50783.547514;
1504532095200000029579852; ../../ALL_tsp/pcb442.tsp; OpenMP; 4; 499.790039; 493.807617; 5.896973; 4.924072; 489; 56026.794374; 50783.547514;
1504532096327000029470146; ../../ALL_tsp/pcb442.tsp; OpenMPStatic; 4; 816.710938; 808.047852; 6.963623; 5.815674; 483; 56606.130113; 50783.547514;
1504532096184000020977813; ../../ALL_tsp/pcb442.tsp; OpenMPDynamic; 4; 460.890869; 453.671631; 6.484375; 4.086670; 490; 56387.350144; 50783.547514;
150453209722500009309235; ../../ALL_tsp/pcb442.tsp; OpenMP; 8; 275.482178; 257.278564; 18.104004; 4.773682; 507; 56290.363050; 50783.547514;
150453209737200009816783; ../../ALL_tsp/pcb442.tsp; OpenMPStatic; 8; 462.109863; 453.770020; 7.341797; 6.482910; 509; 56134.215736; 50783.547514;
150453209822500009143060; ../../ALL_tsp/pcb442.tsp; OpenMPDynamic; 8; 274.316162; 265.624512; 7.764648; 4.746094; 509; 56051.629682; 50783.547514;
1504532098284000096384837; ../../ALL_tsp/pcb442.tsp; OpenMP; 16; 167.083984; 133.882812; 33.012451; 4.979492; 500; 57035.711191; 50783.547514;
1504532098453000096736796; ../../ALL_tsp/pcb442.tsp; OpenMPStatic; 16; 260.965820; 244.820068; 14.911377; 4.857910; 500; 57069.551061; 50783.547514;
1504532098319000096996667; ../../ALL_tsp/pcb442.tsp; OpenMPDynamic; 16; 194.990967; 155.750000; 37.953613; 4.871582; 503; 56923.247215; 50783.547514;
1504532100167000014713734; ../../ALL_tsp/pcb442.tsp; OpenMP; 1; 1676.339844; 1672.129395; 4.152832; 4.019287; 509; 56625.122245; 50783.547514;
1504532102162000010402918; ../../ALL_tsp/pcb442.tsp; OpenMPStatic; 1; 1623.062988; 1619.088379; 3.812744; 3.645508; 512; 57794.617861; 50783.547514;
150453210415500004623207; ../../ALL_tsp/pcb442.tsp; OpenMPDynamic; 1; 1556.678955; 1552.905029; 3.608643; 3.415771; 498; 58033.077196; 50783.547514;
15045321051940000365479; ../../ALL_tsp/pcb442.tsp; OpenMP; 2; 970.330078; 867.944580; 102.331787; 4.592285; 502; 56796.527444; 50783.547514;
1504532106253000081393923; ../../ALL_tsp/pcb442.tsp; OpenMPStatic; 2; 1265.375000; 1258.576660; 5.894043; 4.490479; 517; 56926.292162; 50783.547514;
1504532107198000065449038; ../../ALL_tsp/pcb442.tsp; OpenMPDynamic; 2; 989.006104; 979.257080; 9.085938; 5.023438; 520; 54587.543951; 50783.547514;
15045321082080000237385; ../../ALL_tsp/pcb442.tsp; OpenMP; 4; 519.500000; 513.305176; 6.100342; 5.053223; 517; 57392.307365; 50783.547514;
1504532108326000091909610; ../../ALL_tsp/pcb442.tsp; OpenMPStatic; 4; 812.500000; 803.571533; 7.183350; 5.727539; 499; 57024.994458; 50783.547514;
1504532109151000091343025; ../../ALL_tsp/pcb442.tsp; OpenMPDynamic; 4; 377.131836; 371.907715; 4.593018; 3.435303; 498; 57196.431385; 50783.547514;
1504532109204000048655562; ../../ALL_tsp/pcb442.tsp; OpenMP; 8; 251.961914; 244.866943; 7.044434; 4.914307; 510; 56456.223814; 50783.547514;
1504532110387000048195445; ../../ALL_tsp/pcb442.tsp; OpenMPStatic; 8; 483.874023; 475.239990; 5.970459; 4.968750; 510; 56497.374511; 50783.547514;
1504532110225000043524225; ../../ALL_tsp/pcb442.tsp; OpenMPDynamic; 8; 279.504150; 270.242188; 8.277344; 5.048340; 505; 55610.293174; 50783.547514;
1504532110251000043745409; ../../ALL_tsp/pcb442.tsp; OpenMP; 16; 141.736816; 128.683838; 12.954346; 4.734375; 506; 55073.102416; 50783.547514;
1504532111729000043303855; ../../ALL_tsp/pcb442.tsp; OpenMPStatic; 16; 489.948975; 229.756836; 258.892090; 6.314697; 506; 55492.478615; 50783.547514;
1504532111261000030518751; ../../ALL_tsp/pcb442.tsp; OpenMPDynamic; 16; 145.052002; 134.454346; 9.414062; 4.431152; 509; 57263.623609; 50783.547514;
1504532113169000030267504; ../../ALL_tsp/pcb442.tsp; OpenMP; 1; 1697.961914; 1693.927979; 3.977051; 3.828857; 498; 58585.628772; 50783.547514;
1504532114165000019987545; ../../ALL_tsp/pcb442.tsp; OpenMPStatic; 1; 1652.343018; 1648.289551; 3.896729; 3.707520; 511; 57218.110806; 50783.547514;
1504532116158000075634001; ../../ALL_tsp/pcb442.tsp; OpenMPDynamic; 1; 1577.466064; 1573.538086; 3.748291; 3.563477; 493; 57282.121280; 50783.547514;
1504532117191000095654690; ../../ALL_tsp/pcb442.tsp; OpenMP; 2; 954.734863; 853.350830; 101.349121; 4.303955; 478; 57116.824681; 50783.547514;
1504532118239000015913661; ../../ALL_tsp/pcb442.tsp; OpenMPStatic; 2; 1194.595947; 1187.646240; 5.751221; 3.885986; 499; 57380.333102; 50783.547514;
150453211917100003830865; ../../ALL_tsp/pcb442.tsp; OpenMPDynamic; 2; 854.166016; 845.936279; 7.694580; 5.000000; 492; 56178.132077; 50783.547514;
1504532120206000047409938; ../../ALL_tsp/pcb442.tsp; OpenMP; 4; 514.815918; 508.653809; 6.075439; 4.899658; 523; 56012.910415; 50783.547514;
1504532121332000079294627; ../../ALL_tsp/pcb442.tsp; OpenMPStatic; 4; 828.855957; 820.846924; 7.286621; 5.784668; 509; 55622.716675; 50783.547514;
1504532121194000096835669; ../../ALL_tsp/pcb442.tsp; OpenMPDynamic; 4; 486.008057; 478.295166; 7.003906; 4.405762; 519; 55733.991493; 50783.547514;
1504532122231000096176717; ../../ALL_tsp/pcb442.tsp; OpenMP; 8; 286.033936; 279.093750; 6.882324; 5.347900; 521; 54941.865577; 50783.547514;
150453212237500007694853; ../../ALL_tsp/pcb442.tsp; OpenMPStatic; 8; 467.084961; 460.696533; 5.414551; 4.910889; 507; 55895.839179; 50783.547514;
15045321232280000727507; ../../ALL_tsp/pcb442.tsp; OpenMPDynamic; 8; 280.802979; 271.055664; 8.845215; 5.339844; 508; 55915.666809; 50783.547514;
1504532123267000083253513; ../../ALL_tsp/pcb442.tsp; OpenMP; 16; 152.343018; 130.070312; 22.163818; 4.777832; 498; 56155.128227; 50783.547514;
1504532123470000083639240; ../../ALL_tsp/pcb442.tsp; OpenMPStatic; 16; 283.391113; 230.710449; 51.496094; 4.585449; 492; 56831.363330; 50783.547514;
1504532124714000083186549; ../../ALL_tsp/pcb442.tsp; OpenMPDynamic; 16; 488.653076; 351.145752; 136.446777; 4.356689; 496; 56336.309661; 50783.547514;
1504532125162000087852274; ../../ALL_tsp/pcb442.tsp; OpenMP; 1; 1623.593018; 1619.727051; 3.818848; 3.693359; 505; 55558.215086; 50783.547514;
1504532127166000060574766; ../../ALL_tsp/pcb442.tsp; OpenMPStatic; 1; 1657.457031; 1653.406738; 3.882080; 3.710693; 523; 56070.386619; 50783.547514;
1504532129169000075331557; ../../ALL_tsp/pcb442.tsp; OpenMPDynamic; 1; 1688.116943; 1683.967773; 3.968018; 3.753418; 513; 55490.771353; 50783.547514;
1504532130184000094319484; ../../ALL_tsp/pcb442.tsp; OpenMP; 2; 919.540771; 846.322998; 73.168701; 4.733154; 497; 56366.311076; 50783.547514;
1504532131247000018618278; ../../ALL_tsp/pcb442.tsp; OpenMPStatic; 2; 1236.113037; 1229.572510; 6.053711; 4.126709; 502; 56118.167539; 50783.547514;
1504532132183000064597720; ../../ALL_tsp/pcb442.tsp; OpenMPDynamic; 2; 913.878906; 904.797119; 8.260254; 4.363281; 516; 55704.060168; 50783.547514;
150453213320000008157234; ../../ALL_tsp/pcb442.tsp; OpenMP; 4; 498.647949; 492.328369; 6.243896; 4.916504; 506; 56223.740085; 50783.547514;
150453213432900004735051; ../../ALL_tsp/pcb442.tsp; OpenMPStatic; 4; 822.562012; 812.878662; 8.801025; 7.627930; 510; 56622.456218; 50783.547514;
1504532134152000089466030; ../../ALL_tsp/pcb442.tsp; OpenMPDynamic; 4; 379.373047; 374.110107; 4.623047; 3.452393; 503; 55543.902847; 50783.547514;
1504532134208000089785903; ../../ALL_tsp/pcb442.tsp; OpenMP; 8; 253.214111; 236.694824; 16.464355; 4.507080; 495; 56255.613352; 50783.547514;
1504532135375000089310043; ../../ALL_tsp/pcb442.tsp; OpenMPStatic; 8; 467.176025; 459.112061; 7.024658; 6.217041; 502; 55505.888088; 50783.547514;
1504532135228000026645435; ../../ALL_tsp/pcb442.tsp; OpenMPDynamic; 8; 279.780029; 271.000977; 7.772705; 4.770264; 506; 55740.283904; 50783.547514;
1504532135326000026926719; ../../ALL_tsp/pcb442.tsp; OpenMP; 16; 181.979980; 140.869385; 41.002930; 5.154297; 513; 55457.025044; 50783.547514;
1504532136453000026276216; ../../ALL_tsp/pcb442.tsp; OpenMPStatic; 16; 270.552002; 229.880859; 39.280762; 4.930420; 512; 55670.759821; 50783.547514;
1504532136256000067484298; ../../ALL_tsp/pcb442.tsp; OpenMPDynamic; 16; 154.554199; 143.635498; 9.740234; 4.763428; 506; 55298.582541; 50783.547514;
1504532138169000067219161; ../../ALL_tsp/pcb442.tsp; OpenMP; 1; 1691.604980; 1687.591309; 3.958984; 3.825928; 506; 55326.572321; 50783.547514;
1504532139167000067987562; ../../ALL_tsp/pcb442.tsp; OpenMPStatic; 1; 1670.852051; 1666.766113; 3.910889; 3.712402; 522; 57019.623834; 50783.547514;
1504532141157000045614470; ../../ALL_tsp/pcb442.tsp; OpenMPDynamic; 1; 1565.206055; 1561.333496; 3.705322; 3.529785; 493; 56586.033233; 50783.547514;
1504532142186000036610513; ../../ALL_tsp/pcb442.tsp; OpenMP; 2; 929.206055; 871.478271; 57.677002; 4.732910; 518; 54665.244270; 50783.547514;
1504532143247000018903416; ../../ALL_tsp/pcb442.tsp; OpenMPStatic; 2; 1232.869873; 1225.602051; 6.133057; 4.061768; 505; 57457.144379; 50783.547514;
1504532144172000080829017; ../../ALL_tsp/pcb442.tsp; OpenMPDynamic; 2; 860.307129; 851.716553; 7.768799; 4.097656; 502; 54734.698709; 50783.547514;
1504532145198000088387293; ../../ALL_tsp/pcb442.tsp; OpenMP; 4; 494.762939; 489.334717; 5.386230; 4.723389; 507; 54260.146765; 50783.547514;
1504532146340000093298306; ../../ALL_tsp/pcb442.tsp; OpenMPStatic; 4; 847.316895; 837.662354; 8.700439; 7.891113; 513; 55971.155709; 50783.547514;
150453214618600004825708; ../../ALL_tsp/pcb442.tsp; OpenMPDynamic; 4; 466.055908; 458.276855; 7.057617; 4.203857; 499; 56470.180479; 50783.547514;
150453214721800004175921; ../../ALL_tsp/pcb442.tsp; OpenMP; 8; 272.667969; 265.876221; 6.738281; 5.263428; 502; 56466.628926; 50783.547514;
1504532147382000026710154; ../../ALL_tsp/pcb442.tsp; OpenMPStatic; 8; 476.405029; 468.407959; 5.711670; 4.869873; 509; 55068.877155; 50783.547514;
150453214822500002646752; ../../ALL_tsp/pcb442.tsp; OpenMPDynamic; 8; 280.992920; 271.792236; 8.259521; 4.993652; 508; 55461.988742; 50783.547514;
1504532148368000080367529; ../../ALL_tsp/pcb442.tsp; OpenMP; 16; 239.834961; 129.867920; 109.850098; 4.841064; 501; 55171.898024; 50783.547514;
1504532148444000080701140; ../../ALL_tsp/pcb442.tsp; OpenMPStatic; 16; 265.151855; 242.553955; 21.434326; 4.849365; 504; 54969.225957; 50783.547514;
1504532148301000080961418; ../../ALL_tsp/pcb442.tsp; OpenMPDynamic; 16; 180.347900; 160.264160; 18.882324; 5.145508; 502; 55336.561527; 50783.547514;
1504533279452404000028750452; ../../ALL_tsp/rl5915.tsp; OpenMP; 4; 1130733.335938; 1122983.408691; 7747.804932; 755.095215; 9018; 644460.473314; 0.000000;
1504535241784688000081188690; ../../ALL_tsp/rl5915.tsp; OpenMPStatic; 4; 1961242.566162; 1960401.848633; 826.777100; 808.153320; 8994; 643271.658029; 0.000000;
1504536384457294000019357134; ../../ALL_tsp/rl5915.tsp; OpenMPDynamic; 4; 1142950.986084; 1142141.951660; 796.518311; 750.733887; 8965; 644831.697060; 0.000000;
1504536969468103000032528919; ../../ALL_tsp/rl5915.tsp; OpenMP; 8; 584962.679932; 581936.490234; 3024.552979; 774.252197; 9016; 639749.269162; 0.000000;
1504538064876008000037593881; ../../ALL_tsp/rl5915.tsp; OpenMPStatic; 8; 1094807.909912; 1093811.911133; 981.086182; 777.911377; 9057; 638907.524077; 0.000000;
1504538644464188000060853933; ../../ALL_tsp/rl5915.tsp; OpenMPDynamic; 8; 580089.752930; 579260.064697; 816.673096; 764.305908; 8965; 646742.848620; 0.000000;
1504538952492510000055814267; ../../ALL_tsp/rl5915.tsp; OpenMP; 16; 307775.233154; 306149.932373; 1623.376465; 806.558105; 8902; 637936.385107; 0.000000;
1504539548953587000074920823; ../../ALL_tsp/rl5915.tsp; OpenMPStatic; 16; 595934.671875; 594986.571777; 924.824219; 887.219727; 8994; 646568.456946; 0.000000;
150453986149920400007783462; ../../ALL_tsp/rl5915.tsp; OpenMPDynamic; 16; 311970.712891; 311052.430664; 900.166260; 820.062256; 9052; 641577.776070; 0.000000;
1504540991452155000030629998; ../../ALL_tsp/rl5915.tsp; OpenMP; 4; 1130105.812012; 1120677.397705; 9425.564697; 751.000732; 8962; 633715.788043; 0.000000;
1504542970791588000028328633; ../../ALL_tsp/rl5915.tsp; OpenMPStatic; 4; 1978488.741943; 1977681.700195; 794.064941; 760.936035; 8992; 646655.933921; 0.000000;
150454410045108900003359209; ../../ALL_tsp/rl5915.tsp; OpenMPDynamic; 4; 1127439.682129; 1126632.465820; 791.511230; 756.792236; 8957; 649615.771574; 0.000000;
1504544688470423000046424232; ../../ALL_tsp/rl5915.tsp; OpenMP; 8; 587883.209961; 585032.405518; 2848.531006; 770.834961; 9020; 653082.591613; 0.000000;
1504545775869856000068620151; ../../ALL_tsp/rl5915.tsp; OpenMPStatic; 8; 1087029.173828; 1086223.695557; 791.900635; 767.421143; 9007; 638786.065589; 0.000000;
1504546360468104000014809598; ../../ALL_tsp/rl5915.tsp; OpenMPDynamic; 8; 584977.547852; 584136.591064; 828.205322; 780.536865; 9001; 640710.732144; 0.000000;
1504546672498906000097758002; ../../ALL_tsp/rl5915.tsp; OpenMP; 16; 311770.505859; 310106.355225; 1661.894043; 811.457275; 9006; 636204.071067; 0.000000;
1504547266949297000089256824; ../../ALL_tsp/rl5915.tsp; OpenMPStatic; 16; 593308.955811; 592300.241455; 984.655762; 889.070068; 8952; 646964.235436; 0.000000;
1504547578500130000013977896; ../../ALL_tsp/rl5915.tsp; OpenMPDynamic; 16; 312517.133057; 311596.062744; 902.619873; 822.281250; 9073; 638921.981219; 0.000000;
150454872045647000006012514; ../../ALL_tsp/rl5915.tsp; OpenMP; 4; 1140895.322998; 1136219.988037; 4672.871826; 757.387939; 9046; 645120.563266; 0.000000;
1504550693789299000050102025; ../../ALL_tsp/rl5915.tsp; OpenMPStatic; 4; 1972759.437012; 1971928.714355; 791.063477; 757.235107; 8984; 643749.077545; 0.000000;
1504551820450985000031514350; ../../ALL_tsp/rl5915.tsp; OpenMPDynamic; 4; 1127180.102051; 1126367.682617; 799.006104; 753.836670; 8971; 644811.284600; 0.000000;
1504552403465743000098433365; ../../ALL_tsp/rl5915.tsp; OpenMP; 8; 582025.066895; 577415.891357; 4606.936768; 770.294434; 9001; 643092.276177; 0.000000;
1504553493871725000063293670; ../../ALL_tsp/rl5915.tsp; OpenMPStatic; 8; 1089386.719971; 1088543.437256; 828.127686; 808.230469; 8996; 643797.351103; 0.000000;
1504554073464059000095510632; ../../ALL_tsp/rl5915.tsp; OpenMPDynamic; 8; 579921.697998; 579099.436035; 809.747070; 767.602295; 8903; 642237.461939; 0.000000;
1504554387501436000097180810; ../../ALL_tsp/rl5915.tsp; OpenMP; 16; 313355.921143; 312080.752197; 1273.346191; 816.961670; 9041; 640380.719249; 0.000000;
1504554993970549000081876635; ../../ALL_tsp/rl5915.tsp; OpenMPStatic; 16; 606506.512939; 605600.934570; 888.052002; 872.234375; 9077; 638655.030092; 0.000000;
1504555306499582000050310427; ../../ALL_tsp/rl5915.tsp; OpenMPDynamic; 16; 312185.103027; 311270.986084; 897.833740; 819.179443; 9020; 644484.202049; 0.000000;
1504556436452191000098764432; ../../ALL_tsp/rl5915.tsp; OpenMP; 4; 1130194.290771; 1120869.050537; 9322.998535; 749.922607; 8964; 644772.893074; 0.000000;
1504558385779744000097985115; ../../ALL_tsp/rl5915.tsp; OpenMPStatic; 4; 1948875.061035; 1948054.374512; 779.684082; 747.990967; 8966; 646202.814720; 0.000000;
1504559520453920000013804894; ../../ALL_tsp/rl5915.tsp; OpenMPDynamic; 4; 1134519.020996; 1133706.510010; 801.108887; 753.759033; 9014; 647738.888962; 0.000000;
1504560130469715000046848864; ../../ALL_tsp/rl5915.tsp; OpenMP; 8; 586984.895996; 584340.353760; 2642.543701; 772.154297; 9020; 634894.757274; 0.000000;
1504561225864945000077842150; ../../ALL_tsp/rl5915.tsp; OpenMPStatic; 8; 1080916.468994; 1080030.411865; 857.473145; 845.161133; 8993; 642508.869108; 0.000000;
1504561806464219000051326687; ../../ALL_tsp/rl5915.tsp; OpenMPDynamic; 8; 580124.632080; 579291.604980; 820.948730; 769.326660; 8978; 647572.269446; 0.000000;
1504562118499475000097898656; ../../ALL_tsp/rl5915.tsp; OpenMP; 16; 312135.592041; 310472.590820; 1661.244873; 812.412109; 9055; 642894.847347; 0.000000;
150456271294871800004898964; ../../ALL_tsp/rl5915.tsp; OpenMPStatic; 16; 592973.407227; 591834.656250; 1116.139404; 877.582764; 8929; 635923.824281; 0.000000;
1504563024498996000093302320; ../../ALL_tsp/rl5915.tsp; OpenMPDynamic; 16; 311839.435059; 310917.420166; 906.308838; 819.156006; 9020; 642933.032855; 0.000000;
