15043897706000082986396; ../../ALL_tsp/att48.tsp; MPI; 1; 4.336914; 4.159668; 0.160400; 0.103027; 47; 34233.095557; 33523.708507;
15043897711000084101485; ../../ALL_tsp/att48.tsp; OpenMP; 1; 3.977051; 3.811035; 0.131836; 0.086670; 43; 34147.149110; 33523.708507;
1504389771500003330824; ../../ALL_tsp/att48.tsp; MPI; 2; 2.675049; 2.077393; 0.560547; 0.097656; 46; 35096.683724; 33523.708507;
15043897711000084451712; ../../ALL_tsp/att48.tsp; OpenMP; 2; 2.262939; 1.984863; 0.246338; 0.112305; 43; 34147.149110; 33523.708507;
1504389771500003791541; ../../ALL_tsp/att48.tsp; MPI; 4; 1.996094; 1.093262; 0.872314; 0.094238; 46; 35096.683724; 33523.708507;
15043897721000076148889; ../../ALL_tsp/att48.tsp; OpenMP; 4; 1.375977; 1.114014; 0.241943; 0.105225; 46; 34394.421043; 33523.708507;
15043897726000027718989; ../../ALL_tsp/att48.tsp; MPI; 8; 1.889893; 0.569092; 1.296143; 0.107422; 44; 36957.643050; 33523.708507;
15043897725000076861774; ../../ALL_tsp/att48.tsp; OpenMP; 8; 1.105957; 0.622070; 0.466064; 0.115967; 46; 34394.421043; 33523.708507;
15043897738000029949107; ../../ALL_tsp/att48.tsp; MPI; 16; 1.849854; 0.359131; 1.441895; 0.095947; 48; 35827.511863; 33523.708507;
1504389774100000038172841; ../../ALL_tsp/att48.tsp; OpenMP; 16; 51.144043; 0.321289; 50.785889; 0.098145; 42; 34993.040583; 33523.708507;
15043897745000012346729; ../../ALL_tsp/att48.tsp; MPI; 1; 3.611084; 3.456787; 0.141113; 0.090332; 39; 35471.331731; 33523.708507;
1504389774038460354; ../../ALL_tsp/att48.tsp; OpenMP; 1; 3.875000; 3.717773; 0.130371; 0.084717; 42; 34993.040583; 33523.708507;
15043897746000012696065; ../../ALL_tsp/att48.tsp; MPI; 2; 2.335938; 1.762207; 0.554443; 0.091064; 39; 35471.331731; 33523.708507;
1504389774038809963; ../../ALL_tsp/att48.tsp; OpenMP; 2; 2.334961; 2.068115; 0.235107; 0.094482; 42; 34993.040583; 33523.708507;
15043897755000034143939; ../../ALL_tsp/att48.tsp; MPI; 4; 2.108887; 1.113770; 0.962158; 0.084717; 47; 34953.097408; 33523.708507;
15043897751000014285701; ../../ALL_tsp/att48.tsp; OpenMP; 4; 1.290039; 1.008545; 0.260498; 0.102539; 41; 34347.504114; 33523.708507;
15043897756000034856937; ../../ALL_tsp/att48.tsp; MPI; 8; 2.089111; 0.608887; 1.451660; 0.092773; 47; 34953.097408; 33523.708507;
15043897751000014992849; ../../ALL_tsp/att48.tsp; OpenMP; 8; 1.128174; 0.593750; 0.513184; 0.112305; 41; 34347.504114; 33523.708507;
1504389777800004173452; ../../ALL_tsp/att48.tsp; MPI; 16; 1.729980; 0.311035; 1.398682; 0.084717; 42; 34787.763031; 33523.708507;
150438977753000050277017; ../../ALL_tsp/att48.tsp; OpenMP; 16; 22.333008; 0.359863; 21.934570; 0.112061; 46; 34066.870753; 33523.708507;
15043897774000041445316; ../../ALL_tsp/att48.tsp; MPI; 1; 3.885010; 3.734619; 0.129395; 0.078857; 42; 34787.763031; 33523.708507;
1504389777050553279; ../../ALL_tsp/att48.tsp; OpenMP; 1; 4.265137; 4.094727; 0.136475; 0.092529; 46; 34066.870753; 33523.708507;
15043897775000041779776; ../../ALL_tsp/att48.tsp; MPI; 2; 2.436768; 1.902344; 0.513672; 0.093018; 42; 34787.763031; 33523.708507;
15043897771000050899595; ../../ALL_tsp/att48.tsp; OpenMP; 2; 2.391113; 2.108398; 0.254883; 0.125732; 46; 34066.870753; 33523.708507;
15043897786000050235876; ../../ALL_tsp/att48.tsp; MPI; 4; 2.128906; 1.111572; 0.983643; 0.094482; 47; 34629.150495; 33523.708507;
1504389778011359837; ../../ALL_tsp/att48.tsp; OpenMP; 4; 1.344971; 1.026123; 0.287109; 0.102051; 42; 34574.981892; 33523.708507;
15043897787000050994998; ../../ALL_tsp/att48.tsp; MPI; 8; 1.979004; 0.605469; 1.340332; 0.093506; 47; 34629.150495; 33523.708507;
15043897796000037149915; ../../ALL_tsp/att48.tsp; OpenMP; 8; 1.145996; 0.586914; 0.528809; 0.113770; 44; 35687.063879; 33523.708507;
15043897809000093236993; ../../ALL_tsp/att48.tsp; MPI; 16; 1.736816; 0.325684; 1.377930; 0.089111; 44; 35305.089643; 33523.708507;
150438978034000013412153; ../../ALL_tsp/att48.tsp; OpenMP; 16; 10.328125; 0.361084; 9.931885; 0.117188; 47; 34859.843846; 33523.708507;
15043897805000093581068; ../../ALL_tsp/att48.tsp; MPI; 1; 4.060791; 3.904785; 0.137451; 0.083496; 44; 35305.089643; 33523.708507;
15043897801000013697129; ../../ALL_tsp/att48.tsp; OpenMP; 1; 4.325928; 4.150879; 0.146973; 0.095703; 47; 34859.843846; 33523.708507;
15043897804000093919368; ../../ALL_tsp/att48.tsp; MPI; 2; 2.567871; 2.000000; 0.546387; 0.090332; 44; 35305.089643; 33523.708507;
1504389781100006141430; ../../ALL_tsp/att48.tsp; OpenMP; 2; 2.100830; 1.840576; 0.224854; 0.103027; 40; 34775.274819; 33523.708507;
1504389781600005378307; ../../ALL_tsp/att48.tsp; MPI; 4; 1.900879; 1.029297; 0.850586; 0.081299; 43; 34554.797069; 33523.708507;
15043897811000061504557; ../../ALL_tsp/att48.tsp; OpenMP; 4; 1.298828; 0.988037; 0.281250; 0.103027; 40; 34775.274819; 33523.708507;
1504389782600008879970; ../../ALL_tsp/att48.tsp; MPI; 8; 1.896973; 0.562500; 1.310791; 0.088379; 43; 35084.479316; 33523.708507;
15043897821000090221126; ../../ALL_tsp/att48.tsp; OpenMP; 8; 0.996094; 0.563965; 0.404297; 0.101807; 41; 34504.679067; 33523.708507;
15043897839000079299345; ../../ALL_tsp/att48.tsp; MPI; 16; 1.889893; 0.347900; 1.513916; 0.102783; 47; 35215.798270; 33523.708507;
150438978352000059487164; ../../ALL_tsp/att48.tsp; OpenMP; 16; 29.340088; 0.341309; 28.962891; 0.111084; 45; 34934.720701; 33523.708507;
15043897835000079657712; ../../ALL_tsp/att48.tsp; MPI; 1; 4.347900; 4.173340; 0.154053; 0.096436; 47; 35215.798270; 33523.708507;
1504389783059770057; ../../ALL_tsp/att48.tsp; OpenMP; 1; 4.173828; 4.000000; 0.145996; 0.093994; 45; 34934.720701; 33523.708507;
15043897836000079999335; ../../ALL_tsp/att48.tsp; MPI; 2; 2.775879; 2.141602; 0.613525; 0.104492; 47; 35215.798270; 33523.708507;
1504389784040117663; ../../ALL_tsp/att48.tsp; OpenMP; 2; 2.047119; 1.797852; 0.216797; 0.101318; 39; 34194.535568; 33523.708507;
15043897845000027451956; ../../ALL_tsp/att48.tsp; MPI; 4; 1.833984; 0.990234; 0.817383; 0.094727; 42; 35707.511670; 33523.708507;
15043897841000040587587; ../../ALL_tsp/att48.tsp; OpenMP; 4; 1.241943; 0.956787; 0.258301; 0.090332; 39; 34194.535568; 33523.708507;
15043897856000037157164; ../../ALL_tsp/att48.tsp; MPI; 8; 1.845947; 0.559326; 1.255859; 0.085449; 43; 35317.513263; 33523.708507;
1504389785400008296068; ../../ALL_tsp/att48.tsp; OpenMP; 8; 1.240234; 0.656982; 0.557861; 0.113770; 46; 34795.913409; 33523.708507;
15043897868000050375213; ../../ALL_tsp/att48.tsp; MPI; 16; 1.875977; 0.349365; 1.503662; 0.090332; 46; 34228.639701; 33523.708507;
150438978625000065602104; ../../ALL_tsp/att48.tsp; OpenMP; 16; 4.388916; 0.339844; 4.018066; 0.108887; 45; 35052.083476; 33523.708507;
15043897865000050777759; ../../ALL_tsp/att48.tsp; MPI; 1; 4.260986; 4.102295; 0.140625; 0.083252; 46; 34228.639701; 33523.708507;
1504389786065885244; ../../ALL_tsp/att48.tsp; OpenMP; 1; 4.178955; 4.019531; 0.130371; 0.085938; 45; 35052.083476; 33523.708507;
1504389787500008118667; ../../ALL_tsp/att48.tsp; MPI; 2; 2.406982; 1.851318; 0.531006; 0.088135; 41; 35476.906562; 33523.708507;
15043897871000064236324; ../../ALL_tsp/att48.tsp; OpenMP; 2; 2.476074; 2.146973; 0.297363; 0.122314; 46; 36650.235441; 33523.708507;
1504389787600008569855; ../../ALL_tsp/att48.tsp; MPI; 4; 1.767090; 0.969971; 0.772949; 0.082764; 41; 35476.906562; 33523.708507;
15043897871000064693899; ../../ALL_tsp/att48.tsp; OpenMP; 4; 1.459961; 1.130615; 0.300293; 0.116943; 46; 36650.235441; 33523.708507;
15043897886000019270265; ../../ALL_tsp/att48.tsp; MPI; 8; 1.921875; 0.599121; 1.285400; 0.085938; 46; 35065.402263; 33523.708507;
15043897885000045425026; ../../ALL_tsp/att48.tsp; OpenMP; 8; 1.218994; 0.643066; 0.549072; 0.111816; 44; 35609.459298; 33523.708507;
15043897899000045514671; ../../ALL_tsp/att48.tsp; MPI; 16; 1.883789; 0.393311; 1.461670; 0.102783; 50; 34258.331280; 33523.708507;
150438978970000076712078; ../../ALL_tsp/att48.tsp; OpenMP; 16; 33.420898; 0.340088; 33.049561; 0.105225; 44; 34560.577932; 33523.708507;
15043897895000045882896; ../../ALL_tsp/att48.tsp; MPI; 1; 4.606934; 4.423340; 0.166748; 0.099365; 50; 34258.331280; 33523.708507;
15043897900761379; ../../ALL_tsp/att48.tsp; OpenMP; 1; 4.057861; 3.898193; 0.126953; 0.084473; 44; 34560.577932; 33523.708507;
15043897905000086226510; ../../ALL_tsp/att48.tsp; MPI; 2; 2.439941; 1.905518; 0.511719; 0.081543; 42; 35584.013709; 33523.708507;
15043897901000080346270; ../../ALL_tsp/att48.tsp; OpenMP; 2; 2.445068; 2.124512; 0.288818; 0.116699; 46; 34354.895360; 33523.708507;
15043897906000086680459; ../../ALL_tsp/att48.tsp; MPI; 4; 1.863037; 0.997070; 0.840088; 0.088135; 42; 35584.013709; 33523.708507;
15043897901000080799749; ../../ALL_tsp/att48.tsp; OpenMP; 4; 1.453125; 1.128174; 0.296875; 0.108398; 46; 34354.895360; 33523.708507;
15043897916000018383819; ../../ALL_tsp/att48.tsp; MPI; 8; 2.035156; 0.604980; 1.403076; 0.094482; 47; 34340.218692; 33523.708507;
1504389791143000069726161; ../../ALL_tsp/att48.tsp; OpenMP; 8; 192.463867; 0.387207; 192.031494; 0.093506; 47; 34452.024185; 33523.708507;
15043897927000091778487; ../../ALL_tsp/att48.tsp; MPI; 16; 1.836182; 0.354736; 1.457520; 0.095459; 47; 35276.196089; 33523.708507;
150438979229000076965446; ../../ALL_tsp/att48.tsp; OpenMP; 16; 1.663086; 0.348877; 1.281982; 0.109131; 45; 34903.966921; 33523.708507;
15043897935000019135377; ../../ALL_tsp/att48.tsp; MPI; 1; 4.077881; 3.920166; 0.144775; 0.088379; 44; 34810.655016; 33523.708507;
1504389793020244267; ../../ALL_tsp/att48.tsp; OpenMP; 1; 4.443115; 4.273682; 0.139160; 0.092285; 48; 34111.785836; 33523.708507;
15043897935000019470601; ../../ALL_tsp/att48.tsp; MPI; 2; 2.558105; 1.986816; 0.548096; 0.091553; 44; 34810.655016; 33523.708507;
15043897931000020593639; ../../ALL_tsp/att48.tsp; OpenMP; 2; 2.579834; 2.251221; 0.292480; 0.124756; 48; 34111.785836; 33523.708507;
15043897935000019927621; ../../ALL_tsp/att48.tsp; MPI; 4; 1.936035; 1.058350; 0.852295; 0.092041; 44; 34810.655016; 33523.708507;
1504389794100002453611; ../../ALL_tsp/att48.tsp; OpenMP; 4; 1.242188; 0.961182; 0.252930; 0.096924; 39; 34016.434333; 33523.708507;
15043897946000083624111; ../../ALL_tsp/att48.tsp; MPI; 8; 1.787109; 0.515869; 1.249268; 0.085693; 40; 35484.987210; 33523.708507;
15043897944000024761805; ../../ALL_tsp/att48.tsp; OpenMP; 8; 1.005859; 0.521729; 0.457275; 0.097900; 39; 34016.434333; 33523.708507;
15043897958000063850143; ../../ALL_tsp/att48.tsp; MPI; 16; 1.860107; 0.362061; 1.471680; 0.110352; 48; 35198.966841; 33523.708507;
1504389796220000027258; ../../ALL_tsp/att48.tsp; OpenMP; 16; 4.380127; 0.374756; 3.981934; 0.111816; 46; 34898.994126; 33523.708507;
15043897965000010196224; ../../ALL_tsp/att48.tsp; MPI; 1; 4.060791; 3.904785; 0.134277; 0.079834; 44; 34332.620944; 33523.708507;
150438979600305123; ../../ALL_tsp/att48.tsp; OpenMP; 1; 4.250000; 4.083008; 0.137695; 0.087158; 46; 34898.994126; 33523.708507;
15043897965000010530263; ../../ALL_tsp/att48.tsp; MPI; 2; 2.613037; 1.990479; 0.600586; 0.085938; 44; 34332.620944; 33523.708507;
1504389796100000654241; ../../ALL_tsp/att48.tsp; OpenMP; 2; 2.407959; 2.104736; 0.273438; 0.112793; 46; 34898.994126; 33523.708507;
150438979750000585782; ../../ALL_tsp/att48.tsp; MPI; 4; 1.783936; 1.004883; 0.765381; 0.089844; 42; 34849.595161; 33523.708507;
15043897971000076123835; ../../ALL_tsp/att48.tsp; OpenMP; 4; 1.442871; 1.121094; 0.293213; 0.112793; 46; 34909.899057; 33523.708507;
15043897976000058699899; ../../ALL_tsp/att48.tsp; MPI; 8; 1.808838; 0.541748; 1.243164; 0.080566; 42; 34849.595161; 33523.708507;
15043897974000076836121; ../../ALL_tsp/att48.tsp; OpenMP; 8; 1.286133; 0.680664; 0.581055; 0.126953; 46; 34909.899057; 33523.708507;
15043897988000019916744; ../../ALL_tsp/att48.tsp; MPI; 16; 1.729004; 0.347656; 1.356934; 0.091064; 44; 33946.810235; 33523.708507;
15043897993000008397221; ../../ALL_tsp/att48.tsp; OpenMP; 16; 1.441895; 0.361328; 1.046387; 0.114502; 48; 35531.743415; 33523.708507;
15043897995000021270524; ../../ALL_tsp/att48.tsp; MPI; 1; 3.689941; 3.544678; 0.129150; 0.080322; 40; 35533.630758; 33523.708507;
1504389799083382106; ../../ALL_tsp/att48.tsp; OpenMP; 1; 4.435059; 4.268555; 0.139648; 0.096191; 48; 35531.743415; 33523.708507;
15043897995000021618656; ../../ALL_tsp/att48.tsp; MPI; 2; 2.347900; 1.807617; 0.518311; 0.084229; 40; 35533.630758; 33523.708507;
15043897991000083738775; ../../ALL_tsp/att48.tsp; OpenMP; 2; 2.483887; 2.209717; 0.243408; 0.119141; 48; 35531.743415; 33523.708507;
150438980050000272394; ../../ALL_tsp/att48.tsp; MPI; 4; 2.114014; 1.114258; 0.964111; 0.101562; 47; 34556.226150; 33523.708507;
15043898001000039195739; ../../ALL_tsp/att48.tsp; OpenMP; 4; 1.354004; 1.037842; 0.289307; 0.100830; 42; 34385.331142; 33523.708507;
1504389800600002767268; ../../ALL_tsp/att48.tsp; MPI; 8; 2.109131; 0.603271; 1.469238; 0.090088; 47; 34556.226150; 33523.708507;
15043898004000039908686; ../../ALL_tsp/att48.tsp; OpenMP; 8; 1.114014; 0.563965; 0.515381; 0.103516; 42; 34385.331142; 33523.708507;
150438980110000014995514; ../../ALL_tsp/att48.tsp; MPI; 16; 1.885010; 0.367188; 1.491943; 0.109863; 48; 34983.653779; 33523.708507;
150438980241000081176027; ../../ALL_tsp/att48.tsp; OpenMP; 16; 18.220947; 0.322266; 17.861084; 0.102295; 42; 35929.060189; 33523.708507;
15043898028000037388811; ../../ALL_tsp/rd100.tsp; MPI; 1; 41.650146; 41.087646; 0.500977; 0.389648; 104; 8548.716155; 7910.396210;
15043898024000089538704; ../../ALL_tsp/rd100.tsp; OpenMP; 1; 43.455811; 42.886475; 0.528564; 0.450439; 108; 8321.704192; 7910.396210;
15043898027000037786288; ../../ALL_tsp/rd100.tsp; MPI; 2; 22.110107; 20.759277; 1.274902; 0.433838; 104; 8548.716155; 7910.396210;
15043898025000089923831; ../../ALL_tsp/rd100.tsp; OpenMP; 2; 22.520996; 21.682373; 0.790527; 0.524658; 108; 8321.704192; 7910.396210;
15043898036000033267739; ../../ALL_tsp/rd100.tsp; MPI; 4; 11.583008; 9.708496; 1.835205; 0.368896; 95; 8943.909737; 7910.396210;
15043898034000032405814; ../../ALL_tsp/rd100.tsp; OpenMP; 4; 10.391846; 9.546387; 0.802246; 0.415039; 93; 8988.639698; 7910.396210;
15043898037000033986851; ../../ALL_tsp/rd100.tsp; MPI; 8; 7.812988; 5.057617; 2.726562; 0.369385; 95; 8943.909737; 7910.396210;
15043898046000038137342; ../../ALL_tsp/rd100.tsp; OpenMP; 8; 6.104004; 5.149414; 0.918457; 0.429199; 93; 8746.620543; 7910.396210;
150438980510000038221742; ../../ALL_tsp/rd100.tsp; MPI; 16; 5.071045; 2.506348; 2.516357; 0.351318; 88; 8966.459387; 7910.396210;
15043898052800000394632; ../../ALL_tsp/rd100.tsp; OpenMP; 16; 4.707031; 3.029541; 1.638428; 0.483154; 104; 8460.303439; 7910.396210;
15043898058000038597360; ../../ALL_tsp/rd100.tsp; MPI; 1; 35.635010; 35.166016; 0.437500; 0.335449; 88; 8966.459387; 7910.396210;
1504389805400000741910; ../../ALL_tsp/rd100.tsp; OpenMP; 1; 42.142822; 41.604248; 0.494873; 0.412109; 104; 8460.303439; 7910.396210;
15043898057000038993116; ../../ALL_tsp/rd100.tsp; MPI; 2; 18.677002; 17.556885; 1.084717; 0.355713; 88; 8966.459387; 7910.396210;
15043898064000060123464; ../../ALL_tsp/rd100.tsp; OpenMP; 2; 21.842041; 21.081543; 0.718018; 0.469971; 105; 8577.478688; 7910.396210;
15043898066000096474648; ../../ALL_tsp/rd100.tsp; MPI; 4; 13.270996; 11.125977; 2.066895; 0.428223; 106; 8409.189541; 7910.396210;
15043898065000060613363; ../../ALL_tsp/rd100.tsp; OpenMP; 4; 11.769043; 10.803955; 0.927979; 0.470947; 105; 8577.478688; 7910.396210;
15043898077000058205683; ../../ALL_tsp/rd100.tsp; MPI; 8; 8.478027; 5.469971; 2.932617; 0.419434; 103; 8456.667213; 7910.396210;
15043898079000027348733; ../../ALL_tsp/rd100.tsp; OpenMP; 8; 7.457031; 6.121826; 1.294434; 0.510742; 111; 8433.384290; 7910.396210;
15043898089000086438542; ../../ALL_tsp/rd100.tsp; MPI; 16; 6.144043; 2.968994; 3.022705; 0.413818; 104; 8833.850031; 7910.396210;
150438980836000033634008; ../../ALL_tsp/rd100.tsp; OpenMP; 16; 5.132080; 2.743164; 2.338135; 0.431396; 95; 8556.773719; 7910.396210;
15043898088000086841430; ../../ALL_tsp/rd100.tsp; MPI; 1; 41.912842; 41.353760; 0.488525; 0.377441; 104; 8833.850031; 7910.396210;
15043898084000033986906; ../../ALL_tsp/rd100.tsp; OpenMP; 1; 38.428955; 37.925537; 0.461670; 0.377930; 95; 8556.773719; 7910.396210;
15043898097000012232135; ../../ALL_tsp/rd100.tsp; MPI; 2; 21.836914; 20.500244; 1.263916; 0.409912; 101; 8380.789175; 7910.396210;
15043898094000059365755; ../../ALL_tsp/rd100.tsp; OpenMP; 2; 20.418945; 19.710693; 0.661621; 0.424805; 98; 8761.232865; 7910.396210;
15043898097000012712034; ../../ALL_tsp/rd100.tsp; MPI; 4; 12.343018; 10.331299; 1.937256; 0.417725; 101; 8380.789175; 7910.396210;
15043898095000059843997; ../../ALL_tsp/rd100.tsp; OpenMP; 4; 11.245117; 10.390137; 0.808594; 0.433838; 98; 8761.232865; 7910.396210;
15043898108000021429291; ../../ALL_tsp/rd100.tsp; MPI; 8; 8.565918; 5.527100; 2.918701; 0.417969; 104; 8342.113086; 7910.396210;
15043898106000028568364; ../../ALL_tsp/rd100.tsp; OpenMP; 8; 6.878906; 5.695312; 1.146240; 0.481689; 103; 8672.679301; 7910.396210;
150438981110000067648528; ../../ALL_tsp/rd100.tsp; MPI; 16; 6.067139; 2.960938; 2.936768; 0.413330; 103; 8599.122590; 7910.396210;
150438981162000044859210; ../../ALL_tsp/rd100.tsp; OpenMP; 16; 19.340088; 2.763672; 16.533203; 0.421387; 96; 9066.763302; 7910.396210;
1504389812900002175997; ../../ALL_tsp/rd100.tsp; MPI; 1; 42.013184; 41.439697; 0.498535; 0.389404; 105; 8514.998383; 7910.396210;
15043898124000036223919; ../../ALL_tsp/rd100.tsp; OpenMP; 1; 42.369873; 41.836670; 0.495361; 0.422607; 104; 8360.639552; 7910.396210;
15043898127000021472972; ../../ALL_tsp/rd100.tsp; MPI; 2; 22.686035; 21.278320; 1.328369; 0.406494; 105; 8514.998383; 7910.396210;
15043898124000036618934; ../../ALL_tsp/rd100.tsp; OpenMP; 2; 21.621094; 20.883789; 0.698975; 0.457764; 104; 8360.639552; 7910.396210;
15043898126000021964436; ../../ALL_tsp/rd100.tsp; MPI; 4; 12.879150; 10.718262; 2.093506; 0.410889; 105; 8514.998383; 7910.396210;
1504389813500009093839; ../../ALL_tsp/rd100.tsp; OpenMP; 4; 11.837158; 10.887207; 0.910889; 0.449707; 103; 8388.995196; 7910.396210;
15043898137000047679164; ../../ALL_tsp/rd100.tsp; MPI; 8; 8.602051; 5.569336; 2.936279; 0.407959; 104; 8191.891765; 7910.396210;
15043898137000090819946; ../../ALL_tsp/rd100.tsp; OpenMP; 8; 6.967041; 5.710449; 1.228516; 0.473877; 103; 8388.995196; 7910.396210;
150438981411000092911297; ../../ALL_tsp/rd100.tsp; MPI; 16; 6.167969; 3.028320; 2.972656; 0.442383; 106; 8610.244761; 7910.396210;
15043898154100005189318; ../../ALL_tsp/rd100.tsp; OpenMP; 16; 11.470215; 2.910400; 8.498291; 0.431396; 101; 8604.773099; 7910.396210;
15043898159000065295296; ../../ALL_tsp/rd100.tsp; MPI; 1; 40.817871; 40.254883; 0.487793; 0.375977; 102; 8488.467632; 7910.396210;
15043898154000051438833; ../../ALL_tsp/rd100.tsp; OpenMP; 1; 40.630127; 40.107178; 0.483398; 0.390625; 101; 8604.773099; 7910.396210;
15043898157000065688880; ../../ALL_tsp/rd100.tsp; MPI; 2; 21.766846; 20.397217; 1.301025; 0.406982; 102; 8488.467632; 7910.396210;
15043898154000051829999; ../../ALL_tsp/rd100.tsp; OpenMP; 2; 21.013916; 20.248535; 0.723145; 0.430908; 101; 8604.773099; 7910.396210;
15043898166000022176786; ../../ALL_tsp/rd100.tsp; MPI; 4; 12.962891; 10.823730; 2.067383; 0.427734; 106; 8760.140914; 7910.396210;
15043898165000019313515; ../../ALL_tsp/rd100.tsp; OpenMP; 4; 12.768799; 11.801025; 0.930908; 0.503418; 115; 8448.314385; 7910.396210;
15043898168000022896546; ../../ALL_tsp/rd100.tsp; MPI; 8; 8.630859; 5.615967; 2.930664; 0.419434; 106; 8760.140914; 7910.396210;
15043898171200004745282; ../../ALL_tsp/rd100.tsp; OpenMP; 8; 6.961914; 5.892334; 0.994385; 0.470703; 105; 8910.654973; 7910.396210;
150438981810000038133932; ../../ALL_tsp/rd100.tsp; MPI; 16; 5.988770; 2.892578; 2.916260; 0.403809; 101; 8325.775283; 7910.396210;
150438981860000063333385; ../../ALL_tsp/rd100.tsp; OpenMP; 16; 25.435059; 2.810791; 22.583496; 0.444092; 98; 8274.470401; 7910.396210;
15043898189000038547010; ../../ALL_tsp/rd100.tsp; MPI; 1; 40.477051; 39.907715; 0.487061; 0.374512; 101; 8325.775283; 7910.396210;
15043898184000063695281; ../../ALL_tsp/rd100.tsp; OpenMP; 1; 39.293945; 38.787354; 0.470703; 0.390137; 98; 8274.470401; 7910.396210;
15043898187000038947853; ../../ALL_tsp/rd100.tsp; MPI; 2; 21.591064; 20.173584; 1.339355; 0.407959; 101; 8325.775283; 7910.396210;
1504389819500002884109; ../../ALL_tsp/rd100.tsp; OpenMP; 2; 21.190918; 20.468506; 0.683350; 0.451172; 102; 8444.106417; 7910.396210;
15043898197000043438706; ../../ALL_tsp/rd100.tsp; MPI; 4; 11.416016; 9.670166; 1.699219; 0.379639; 95; 8109.749147; 7910.396210;
15043898195000028575969; ../../ALL_tsp/rd100.tsp; OpenMP; 4; 11.380127; 10.509766; 0.843262; 0.458984; 102; 8444.106417; 7910.396210;
15043898207000044152792; ../../ALL_tsp/rd100.tsp; MPI; 8; 7.952881; 5.220947; 2.684570; 0.399414; 98; 8475.532381; 7910.396210;
150438982015000046305997; ../../ALL_tsp/rd100.tsp; OpenMP; 8; 9.108154; 5.974121; 3.076904; 0.497314; 107; 8081.562209; 7910.396210;
15043898218000090401282; ../../ALL_tsp/rd100.tsp; MPI; 16; 5.752930; 2.800049; 2.897217; 0.383057; 98; 8663.456917; 7910.396210;
150438982146000085586685; ../../ALL_tsp/rd100.tsp; OpenMP; 16; 20.766113; 3.072510; 17.638184; 0.478027; 107; 8608.691146; 7910.396210;
15043898218000090813211; ../../ALL_tsp/rd100.tsp; MPI; 1; 39.187988; 38.673340; 0.471191; 0.366699; 98; 8663.456917; 7910.396210;
15043898214000085975380; ../../ALL_tsp/rd100.tsp; OpenMP; 1; 43.279785; 42.729980; 0.514893; 0.441162; 107; 8608.691146; 7910.396210;
15043898227000090221586; ../../ALL_tsp/rd100.tsp; MPI; 2; 20.746826; 19.491699; 1.206299; 0.373047; 96; 8885.478946; 7910.396210;
15043898224000051359249; ../../ALL_tsp/rd100.tsp; OpenMP; 2; 22.337158; 21.270752; 1.022461; 0.471680; 106; 8872.181520; 7910.396210;
15043898226000090710889; ../../ALL_tsp/rd100.tsp; MPI; 4; 11.690918; 9.793457; 1.862793; 0.362793; 96; 8885.478946; 7910.396210;
15043898225000051851833; ../../ALL_tsp/rd100.tsp; OpenMP; 4; 12.065918; 11.188721; 0.839355; 0.476807; 106; 8872.181520; 7910.396210;
15043898238000065432018; ../../ALL_tsp/rd100.tsp; MPI; 8; 7.895996; 5.101562; 2.752930; 0.387939; 96; 8582.197744; 7910.396210;
15043898239000076579986; ../../ALL_tsp/rd100.tsp; OpenMP; 8; 6.812012; 5.667480; 1.113281; 0.477539; 101; 8788.770794; 7910.396210;
150438982410000043667420; ../../ALL_tsp/rd100.tsp; MPI; 16; 6.136963; 3.000000; 2.931396; 0.422119; 105; 8508.127890; 7910.396210;
150438982433000013840064; ../../ALL_tsp/rd100.tsp; OpenMP; 16; 7.071045; 2.991943; 4.033203; 0.456787; 103; 8674.565996; 7910.396210;
1504389825900002052770; ../../ALL_tsp/rd100.tsp; MPI; 1; 41.603027; 41.042725; 0.497559; 0.379395; 104; 8371.275882; 7910.396210;
15043898254000022198738; ../../ALL_tsp/rd100.tsp; OpenMP; 1; 38.572998; 38.059326; 0.476562; 0.395264; 96; 8562.551956; 7910.396210;
15043898257000020447310; ../../ALL_tsp/rd100.tsp; MPI; 2; 22.156982; 20.748535; 1.335938; 0.422852; 104; 8371.275882; 7910.396210;
15043898254000022590777; ../../ALL_tsp/rd100.tsp; OpenMP; 2; 20.297119; 19.569580; 0.682861; 0.435059; 96; 8562.551956; 7910.396210;
15043898257000020932979; ../../ALL_tsp/rd100.tsp; MPI; 4; 12.651123; 10.629150; 1.948975; 0.430664; 104; 8371.275882; 7910.396210;
1504389826400006367617; ../../ALL_tsp/rd100.tsp; OpenMP; 4; 11.373047; 10.401611; 0.934082; 0.468262; 101; 8635.622886; 7910.396210;
15043898267000046640903; ../../ALL_tsp/rd100.tsp; MPI; 8; 8.402100; 5.479980; 2.852051; 0.421387; 103; 8584.263680; 7910.396210;
15043898269000063794854; ../../ALL_tsp/rd100.tsp; OpenMP; 8; 6.915039; 5.637207; 1.237793; 0.463867; 101; 8635.622886; 7910.396210;
150438982710000057890791; ../../ALL_tsp/rd100.tsp; MPI; 16; 6.153076; 3.013672; 2.966797; 0.420410; 105; 9076.412424; 7910.396210;
1504389828153000065145799; ../../ALL_tsp/rd100.tsp; OpenMP; 16; 87.829102; 3.163086; 84.604736; 0.512695; 110; 8522.788545; 7910.396210;
15043898288000016350047; ../../ALL_tsp/rd100.tsp; MPI; 1; 37.749023; 37.220215; 0.460205; 0.357178; 105; 8580.429320; 7910.396210;
15043898284000065553582; ../../ALL_tsp/rd100.tsp; OpenMP; 1; 44.178955; 43.598389; 0.540771; 0.446533; 110; 8522.788545; 7910.396210;
15043898287000016800058; ../../ALL_tsp/rd100.tsp; MPI; 2; 22.422119; 20.955811; 1.388184; 0.431885; 105; 8580.429320; 7910.396210;
15043898285000065941470; ../../ALL_tsp/rd100.tsp; OpenMP; 2; 22.876953; 22.087891; 0.744141; 0.500244; 110; 8522.788545; 7910.396210;
15043898297000058289710; ../../ALL_tsp/rd100.tsp; MPI; 4; 12.741943; 10.595459; 2.067627; 0.421631; 104; 8462.991369; 7910.396210;
1504389829500006422966; ../../ALL_tsp/rd100.tsp; OpenMP; 4; 11.683105; 10.741699; 0.907227; 0.469727; 104; 8590.863091; 7910.396210;
1504389830700005810185; ../../ALL_tsp/rd100.tsp; MPI; 8; 8.536133; 5.528320; 2.922852; 0.434814; 104; 8462.991369; 7910.396210;
1504389830600002145962; ../../ALL_tsp/rd100.tsp; OpenMP; 8; 7.132812; 5.976562; 1.107666; 0.497803; 108; 8856.224831; 7910.396210;
15043898311000007241922; ../../ALL_tsp/rd100.tsp; MPI; 16; 6.531006; 3.169922; 3.205078; 0.439697; 110; 8381.789591; 7910.396210;
150438983142000024451212; ../../ALL_tsp/rd100.tsp; OpenMP; 16; 5.311035; 2.969482; 2.300293; 0.448242; 96; 9169.152760; 7910.396210;
1504389831900007663306; ../../ALL_tsp/rd100.tsp; MPI; 1; 44.046875; 43.427002; 0.545654; 0.420654; 110; 8381.789591; 7910.396210;
15043898314000024809717; ../../ALL_tsp/rd100.tsp; OpenMP; 1; 38.488037; 37.978271; 0.471436; 0.405029; 96; 9169.152760; 7910.396210;
1504389832700001676008; ../../ALL_tsp/rd100.tsp; MPI; 2; 22.976074; 21.524658; 1.378662; 0.422119; 108; 8434.951501; 7910.396210;
15043898325000017218887; ../../ALL_tsp/rd100.tsp; OpenMP; 2; 22.368896; 21.601318; 0.728027; 0.478516; 106; 8496.088578; 7910.396210;
15043898327000016562509; ../../ALL_tsp/rd100.tsp; MPI; 4; 13.273926; 11.020264; 2.188721; 0.445557; 108; 8434.951501; 7910.396210;
15043898325000017697200; ../../ALL_tsp/rd100.tsp; OpenMP; 4; 11.790039; 10.895264; 0.859375; 0.478271; 106; 8496.088578; 7910.396210;
15043898337000011278830; ../../ALL_tsp/rd100.tsp; MPI; 8; 8.008057; 5.253174; 2.702148; 0.385498; 99; 8341.305434; 7910.396210;
150438983332000035455044; ../../ALL_tsp/rd100.tsp; OpenMP; 8; 34.265869; 5.259766; 28.969482; 0.434082; 95; 8379.340546; 7910.396210;
15043898349000029549385; ../../ALL_tsp/rd100.tsp; MPI; 16; 6.211914; 3.062012; 2.978760; 0.434814; 107; 8773.699502; 7910.396210;
150438983475000090759179; ../../ALL_tsp/rd100.tsp; OpenMP; 16; 36.258057; 2.777588; 33.442383; 0.444824; 95; 8854.809832; 7910.396210;
15043898541947000029358129; ../../ALL_tsp/pr1002.tsp; MPI; 1; 19419.900879; 19401.176270; 18.333740; 17.594238; 1288; 284858.134963; 259066.663053;
15043898731943000086898226; ../../ALL_tsp/pr1002.tsp; OpenMP; 1; 19422.572998; 19403.882324; 18.555664; 18.171387; 1295; 282404.526194; 259066.663053;
1504389884100200005686650; ../../ALL_tsp/pr1002.tsp; MPI; 2; 9964.809814; 9934.375000; 30.108887; 18.212158; 1305; 284103.064886; 259066.663053;
15043898931955000068969863; ../../ALL_tsp/pr1002.tsp; OpenMP; 2; 9769.669922; 9712.247803; 57.319092; 18.786621; 1272; 285243.400693; 259066.663053;
1504389899509000079368941; ../../ALL_tsp/pr1002.tsp; MPI; 4; 5039.204834; 5007.243896; 31.526611; 18.416504; 1292; 288960.352491; 259066.663053;
15043899042094000055718831; ../../ALL_tsp/pr1002.tsp; OpenMP; 4; 5232.422119; 5205.770996; 26.519043; 20.370850; 1313; 286344.369075; 259066.663053;
150438990828200009730892; ../../ALL_tsp/pr1002.tsp; MPI; 8; 2770.034180; 2735.825439; 33.789062; 20.019043; 1299; 286237.662476; 259066.663053;
15043899102154000052829083; ../../ALL_tsp/pr1002.tsp; OpenMP; 8; 2686.919922; 2654.294189; 32.361816; 20.597168; 1280; 284159.469461; 259066.663053;
1504389913161000078415543; ../../ALL_tsp/pr1002.tsp; MPI; 16; 1550.245850; 1507.412109; 41.952881; 22.081787; 1272; 286982.106538; 259066.663053;
1504389915249900002099857; ../../ALL_tsp/pr1002.tsp; OpenMP; 16; 1554.871826; 1494.064453; 60.555176; 22.843018; 1314; 282939.071356; 259066.663053;
15043899341955000018754453; ../../ALL_tsp/pr1002.tsp; MPI; 1; 19521.652832; 19502.707520; 18.542236; 17.793945; 1306; 280046.754127; 259066.663053;
1504389954197200000581172; ../../ALL_tsp/pr1002.tsp; OpenMP; 1; 19713.419189; 19694.662598; 18.604492; 18.230469; 1298; 283519.781854; 259066.663053;
1504389964982000032586958; ../../ALL_tsp/pr1002.tsp; MPI; 2; 9763.924072; 9731.371826; 32.243164; 17.889648; 1286; 285369.634225; 259066.663053;
15043899742046000017928026; ../../ALL_tsp/pr1002.tsp; OpenMP; 2; 10225.541992; 10185.048828; 40.371094; 19.596924; 1333; 284885.517687; 259066.663053;
1504389980510000029303212; ../../ALL_tsp/pr1002.tsp; MPI; 4; 5044.605957; 5011.086914; 33.115479; 18.805420; 1273; 286305.183380; 259066.663053;
15043899852004000077463372; ../../ALL_tsp/pr1002.tsp; OpenMP; 4; 5008.879150; 4976.472656; 32.183105; 19.287598; 1277; 284786.950181; 259066.663053;
1504389988278000018737765; ../../ALL_tsp/pr1002.tsp; MPI; 8; 2721.547852; 2686.760010; 34.386963; 19.904053; 1280; 283086.283733; 259066.663053;
15043899912277000032701348; ../../ALL_tsp/pr1002.tsp; OpenMP; 8; 2835.544922; 2806.483643; 28.778320; 22.111084; 1321; 285562.128402; 259066.663053;
1504389994157000097244723; ../../ALL_tsp/pr1002.tsp; MPI; 16; 1512.287842; 1464.728516; 46.726074; 21.187012; 1294; 285697.268348; 259066.663053;
15043899952486000063914872; ../../ALL_tsp/pr1002.tsp; OpenMP; 16; 1538.420166; 1501.718262; 36.432373; 23.062744; 1293; 286147.599000; 259066.663053;
1504390015193800005401848; ../../ALL_tsp/pr1002.tsp; MPI; 1; 19355.320801; 19336.430908; 18.469727; 17.686768; 1293; 281241.952164; 259066.663053;
1504390035194500005777658; ../../ALL_tsp/pr1002.tsp; OpenMP; 1; 19443.060059; 19424.411621; 18.521484; 18.133545; 1292; 287462.040202; 259066.663053;
150439004598000009843777; ../../ALL_tsp/pr1002.tsp; MPI; 2; 9753.180176; 9716.523193; 36.376221; 17.567871; 1280; 284234.495884; 259066.663053;
15043900552014000055243575; ../../ALL_tsp/pr1002.tsp; OpenMP; 2; 10068.709961; 10015.384277; 53.213867; 19.286377; 1309; 283992.764290; 259066.663053;
150439006050900000610252; ../../ALL_tsp/pr1002.tsp; MPI; 4; 5032.957031; 4986.415039; 46.159668; 18.225342; 1285; 285801.706057; 259066.663053;
15043900652046000038830978; ../../ALL_tsp/pr1002.tsp; OpenMP; 4; 5114.467041; 5064.213379; 50.088379; 19.606201; 1282; 285529.656582; 259066.663053;
1504390069285000011172569; ../../ALL_tsp/pr1002.tsp; MPI; 8; 2797.552002; 2764.172119; 32.893555; 20.238770; 1304; 285720.586066; 259066.663053;
1504390072220100002342750; ../../ALL_tsp/pr1002.tsp; OpenMP; 8; 2746.737061; 2711.060547; 35.566895; 21.016602; 1307; 281992.886180; 259066.663053;
1504390074158000017581723; ../../ALL_tsp/pr1002.tsp; MPI; 16; 1507.229004; 1467.692383; 38.737061; 21.609619; 1284; 284536.010476; 259066.663053;
1504390076239200003183218; ../../ALL_tsp/pr1002.tsp; OpenMP; 16; 1486.330078; 1438.782959; 47.304443; 22.059082; 1278; 287147.461716; 259066.663053;
15043900951947000068796140; ../../ALL_tsp/pr1002.tsp; MPI; 1; 19439.841797; 19421.004883; 18.476074; 17.746094; 1295; 283046.329510; 259066.663053;
15043901151938000072291135; ../../ALL_tsp/pr1002.tsp; OpenMP; 1; 19379.239990; 19360.611572; 18.489258; 18.118408; 1290; 286965.739669; 259066.663053;
1504390125993000059402824; ../../ALL_tsp/pr1002.tsp; MPI; 2; 9877.088867; 9839.628174; 37.089355; 18.094482; 1296; 280022.654871; 259066.663053;
1504390135202200009631150; ../../ALL_tsp/pr1002.tsp; OpenMP; 2; 10106.045898; 10027.125244; 78.812988; 19.374512; 1311; 285153.635277; 259066.663053;
1504390141520000048109633; ../../ALL_tsp/pr1002.tsp; MPI; 4; 5148.913086; 5095.416016; 53.117432; 18.524170; 1317; 285906.516953; 259066.663053;
15043901462050000098416621; ../../ALL_tsp/pr1002.tsp; OpenMP; 4; 5119.977051; 5081.832520; 38.014648; 19.718750; 1292; 287877.213145; 259066.663053;
150439014927600009662236; ../../ALL_tsp/pr1002.tsp; MPI; 8; 2711.653076; 2677.263916; 33.903320; 19.610107; 1294; 284967.490634; 259066.663053;
15043901522204000032530366; ../../ALL_tsp/pr1002.tsp; OpenMP; 8; 2749.236084; 2710.505615; 38.446045; 20.960449; 1310; 285059.435838; 259066.663053;
1504390155160000074104582; ../../ALL_tsp/pr1002.tsp; MPI; 16; 1530.874023; 1490.860596; 39.174561; 21.728516; 1306; 282121.075810; 259066.663053;
15043901562443000023748174; ../../ALL_tsp/pr1002.tsp; OpenMP; 16; 1503.621094; 1460.549805; 42.765869; 22.561768; 1295; 282123.424103; 259066.663053;
15043901761973000072584827; ../../ALL_tsp/pr1002.tsp; MPI; 1; 19702.005859; 19682.869385; 18.722656; 17.996826; 1319; 280852.591251; 259066.663053;
15043901961958000036290415; ../../ALL_tsp/pr1002.tsp; OpenMP; 1; 19581.647949; 19562.781006; 18.739502; 18.321045; 1305; 284592.463296; 259066.663053;
1504390206974000084202809; ../../ALL_tsp/pr1002.tsp; MPI; 2; 9687.677979; 9655.952637; 31.351807; 17.694092; 1269; 283301.518802; 259066.663053;
1504390216196400003154294; ../../ALL_tsp/pr1002.tsp; OpenMP; 2; 9817.520996; 9774.145020; 43.249268; 18.904297; 1269; 288052.144696; 259066.663053;
1504390221519000019620602; ../../ALL_tsp/pr1002.tsp; MPI; 4; 5138.497070; 5090.849365; 47.142334; 18.854492; 1308; 284593.280685; 259066.663053;
15043902262051000023855380; ../../ALL_tsp/pr1002.tsp; OpenMP; 4; 5125.427979; 5097.599854; 27.608643; 19.715820; 1284; 284448.301522; 259066.663053;
1504390230276000073115732; ../../ALL_tsp/pr1002.tsp; MPI; 8; 2708.962891; 2675.344238; 33.152832; 19.843018; 1275; 286802.961465; 259066.663053;
15043902322110000058854450; ../../ALL_tsp/pr1002.tsp; OpenMP; 8; 2634.586914; 2599.152832; 35.202637; 20.241943; 1261; 285454.464349; 259066.663053;
1504390235164000013471641; ../../ALL_tsp/pr1002.tsp; MPI; 16; 1566.718994; 1525.207764; 40.576172; 22.052002; 1305; 285891.947425; 259066.663053;
15043902372452000081120258; ../../ALL_tsp/pr1002.tsp; OpenMP; 16; 1525.380127; 1439.654541; 85.453857; 22.006104; 1288; 282941.890837; 259066.663053;
15043902561959000068811915; ../../ALL_tsp/pr1002.tsp; MPI; 1; 19557.431152; 19538.395752; 18.564697; 17.825439; 1309; 287403.838046; 259066.663053;
150439027619060000459308; ../../ALL_tsp/pr1002.tsp; OpenMP; 1; 19051.857178; 19033.463867; 18.260254; 17.880127; 1264; 285471.808824; 259066.663053;
15043902861013000084364283; ../../ALL_tsp/pr1002.tsp; MPI; 2; 10071.677979; 10020.987061; 50.333984; 18.326172; 1311; 281069.454587; 259066.663053;
15043902961928000077105989; ../../ALL_tsp/pr1002.tsp; OpenMP; 2; 9636.710938; 9594.439697; 42.168457; 18.958984; 1256; 290399.428498; 259066.663053;
1504390301507000092439969; ../../ALL_tsp/pr1002.tsp; MPI; 4; 5018.928955; 4984.491943; 34.045898; 18.756104; 1277; 287020.574948; 259066.663053;
15043903062056000034692414; ../../ALL_tsp/pr1002.tsp; OpenMP; 4; 5139.972168; 5092.851318; 46.951416; 19.937256; 1303; 280224.789318; 259066.663053;
150439031028200003015211; ../../ALL_tsp/pr1002.tsp; MPI; 8; 2769.271973; 2735.123047; 33.694336; 20.232910; 1296; 283517.056215; 259066.663053;
15043903122184000015870697; ../../ALL_tsp/pr1002.tsp; OpenMP; 8; 2727.395996; 2696.432129; 30.838867; 21.135254; 1286; 285786.714373; 259066.663053;
1504390315160000016439841; ../../ALL_tsp/pr1002.tsp; MPI; 16; 1532.562988; 1492.215332; 39.441406; 22.226807; 1280; 284291.673144; 259066.663053;
1504390317242900002670305; ../../ALL_tsp/pr1002.tsp; OpenMP; 16; 1499.501953; 1460.165283; 39.186523; 22.602295; 1304; 284008.149635; 259066.663053;
15043903361931000085474097; ../../ALL_tsp/pr1002.tsp; MPI; 1; 19281.933838; 19263.087646; 18.434570; 17.726562; 1294; 286467.700506; 259066.663053;
15043903561994000096801393; ../../ALL_tsp/pr1002.tsp; OpenMP; 1; 19936.260010; 19916.925049; 19.213379; 18.807373; 1317; 282390.185283; 259066.663053;
1504390366979000037767586; ../../ALL_tsp/pr1002.tsp; MPI; 2; 9735.573975; 9702.368408; 32.847656; 17.747803; 1278; 283598.223000; 259066.663053;
1504390376201000001931996; ../../ALL_tsp/pr1002.tsp; OpenMP; 2; 10043.541992; 9980.504395; 62.937744; 19.252197; 1301; 281929.044663; 259066.663053;
1504390382511000096321072; ../../ALL_tsp/pr1002.tsp; MPI; 4; 5052.439941; 5021.118164; 31.013184; 18.497559; 1282; 287365.912960; 259066.663053;
1504390387199800005413883; ../../ALL_tsp/pr1002.tsp; OpenMP; 4; 4992.782959; 4954.160645; 38.452637; 19.237793; 1271; 281297.419873; 259066.663053;
1504390390276000084660458; ../../ALL_tsp/pr1002.tsp; MPI; 8; 2700.364014; 2665.766846; 34.197021; 19.531738; 1296; 284376.426409; 259066.663053;
15043903932208000037543748; ../../ALL_tsp/pr1002.tsp; OpenMP; 8; 2757.458008; 2729.261475; 28.018066; 21.186279; 1307; 283035.026021; 259066.663053;
1504390396157000060101432; ../../ALL_tsp/pr1002.tsp; MPI; 16; 1516.243896; 1474.334717; 41.089600; 21.534180; 1295; 285662.301595; 259066.663053;
15043903972412000052733777; ../../ALL_tsp/pr1002.tsp; OpenMP; 16; 1497.272217; 1444.235107; 52.779297; 22.311523; 1285; 283484.307491; 259066.663053;
15043904171947000072332815; ../../ALL_tsp/pr1002.tsp; MPI; 1; 19426.154053; 19407.311035; 18.393799; 17.662354; 1296; 284210.775917; 259066.663053;
15043904361933000048777696; ../../ALL_tsp/pr1002.tsp; OpenMP; 1; 19333.036133; 19314.489746; 18.404297; 18.034424; 1289; 283427.783836; 259066.663053;
1504390446988000077873386; ../../ALL_tsp/pr1002.tsp; MPI; 2; 9828.215088; 9797.554443; 30.271484; 17.784424; 1291; 286113.325739; 259066.663053;
1504390457200600002317224; ../../ALL_tsp/pr1002.tsp; OpenMP; 2; 10024.007080; 9985.919922; 37.967285; 19.152588; 1293; 284566.265218; 259066.663053;
1504390462514000025433573; ../../ALL_tsp/pr1002.tsp; MPI; 4; 5085.787109; 5054.741699; 30.746582; 18.739258; 1303; 281464.084588; 259066.663053;
15043904672052000050709741; ../../ALL_tsp/pr1002.tsp; OpenMP; 4; 5127.898926; 5080.684082; 47.113037; 19.571533; 1301; 280816.520849; 259066.663053;
150439047027800002984942; ../../ALL_tsp/pr1002.tsp; MPI; 8; 2728.630859; 2692.223389; 35.975098; 20.145020; 1282; 284113.569866; 259066.663053;
15043904732192000016827576; ../../ALL_tsp/pr1002.tsp; OpenMP; 8; 2736.749023; 2708.450684; 28.161865; 21.265625; 1310; 281601.764821; 259066.663053;
1504390476166000088462753; ../../ALL_tsp/pr1002.tsp; MPI; 16; 1594.276855; 1448.329834; 145.133545; 21.287109; 1281; 285230.552359; 259066.663053;
15043904782550000027183326; ../../ALL_tsp/pr1002.tsp; OpenMP; 16; 1602.531982; 1422.307129; 179.982666; 21.795410; 1300; 282238.974992; 259066.663053;
15043904971941000066686413; ../../ALL_tsp/pr1002.tsp; MPI; 1; 19380.669189; 19361.889404; 18.423096; 17.695068; 1298; 284669.133942; 259066.663053;
15043905171932000045113711; ../../ALL_tsp/pr1002.tsp; OpenMP; 1; 19312.959961; 19294.364502; 18.453613; 18.081055; 1281; 283657.655108; 259066.663053;
15043905271005000065334324; ../../ALL_tsp/pr1002.tsp; MPI; 2; 9994.676025; 9796.495361; 197.810303; 18.049316; 1295; 282714.206222; 259066.663053;
15043905371967000050301141; ../../ALL_tsp/pr1002.tsp; OpenMP; 2; 9830.980225; 9693.677246; 137.194092; 18.663330; 1271; 281359.302395; 259066.663053;
1504390542513000023705163; ../../ALL_tsp/pr1002.tsp; MPI; 4; 5073.613037; 5042.323242; 30.886475; 18.348145; 1288; 282336.794060; 259066.663053;
1504390547200000003801950; ../../ALL_tsp/pr1002.tsp; OpenMP; 4; 4998.749023; 4962.085938; 36.543457; 19.319580; 1272; 285139.283813; 259066.663053;
150439055127500006532092; ../../ALL_tsp/pr1002.tsp; MPI; 8; 2686.681152; 2653.305908; 32.928711; 19.364990; 1285; 281846.056759; 259066.663053;
15043905532212000026918395; ../../ALL_tsp/pr1002.tsp; OpenMP; 8; 2761.122070; 2723.529785; 37.310547; 21.413330; 1307; 285308.444623; 259066.663053;
1504390556158000061483370; ../../ALL_tsp/pr1002.tsp; MPI; 16; 1512.623047; 1470.645264; 41.055420; 21.422363; 1297; 283712.656549; 259066.663053;
15043905582466000027189913; ../../ALL_tsp/pr1002.tsp; OpenMP; 16; 1559.247070; 1373.282471; 185.701660; 20.993408; 1305; 280735.057953; 259066.663053;
15043905771965000016936528; ../../ALL_tsp/pr1002.tsp; MPI; 1; 19618.463135; 19599.385254; 18.656494; 17.868164; 1311; 282439.382897; 259066.663053;
15043905971933000077389095; ../../ALL_tsp/pr1002.tsp; OpenMP; 1; 19328.785889; 19310.278076; 18.381592; 17.999023; 1281; 280423.425737; 259066.663053;
1504390607994000063554194; ../../ALL_tsp/pr1002.tsp; MPI; 2; 9882.565186; 9850.135010; 32.089844; 17.981689; 1298; 284492.821713; 259066.663053;
15043906171989000036613972; ../../ALL_tsp/pr1002.tsp; OpenMP; 2; 9943.238037; 9898.291016; 44.810791; 18.955322; 1294; 284025.564082; 259066.663053;
150439062250300008906378; ../../ALL_tsp/pr1002.tsp; MPI; 4; 4969.608887; 4936.036865; 33.195068; 18.210938; 1271; 281899.677129; 259066.663053;
15043906282033000078128618; ../../ALL_tsp/pr1002.tsp; OpenMP; 4; 5080.359863; 5041.537842; 38.642822; 19.684326; 1283; 283063.391333; 259066.663053;
1504390631279000048407932; ../../ALL_tsp/pr1002.tsp; MPI; 8; 2746.010986; 2708.323486; 37.287598; 19.827637; 1299; 285028.098983; 259066.663053;
1504390634222500001316079; ../../ALL_tsp/pr1002.tsp; OpenMP; 8; 2777.772217; 2733.801025; 43.744385; 21.120361; 1319; 283792.666217; 259066.663053;
1504390636155000060842198; ../../ALL_tsp/pr1002.tsp; MPI; 16; 1485.987061; 1444.935547; 40.098633; 20.935303; 1278; 283093.951613; 259066.663053;
15043906382518000095540038; ../../ALL_tsp/pr1002.tsp; OpenMP; 16; 1561.415039; 1449.137207; 112.119141; 21.960449; 1312; 283190.669579; 259066.663053;
1504390640154000090183971; ../../ALL_tsp/pcb442.tsp; MPI; 1; 1509.730957; 1506.017822; 3.591309; 3.375244; 491; 56319.774203; 50783.547514;
150439064217200006010012; ../../ALL_tsp/pcb442.tsp; OpenMP; 1; 1723.463867; 1719.384766; 4.012451; 3.859863; 533; 57157.303847; 50783.547514;
1504390643100000024167340; ../../ALL_tsp/pcb442.tsp; MPI; 2; 949.920166; 939.913574; 9.849365; 4.432861; 527; 56391.272892; 50783.547514;
150439064418900005212920; ../../ALL_tsp/pcb442.tsp; OpenMP; 2; 943.261963; 927.719482; 15.487061; 4.586914; 504; 55233.167510; 50783.547514;
150439064563000031115756; ../../ALL_tsp/pcb442.tsp; MPI; 4; 583.103027; 573.296631; 9.600830; 5.016113; 514; 56439.082559; 50783.547514;
1504390645215000024759820; ../../ALL_tsp/pcb442.tsp; OpenMP; 4; 537.269043; 528.975586; 8.220947; 5.053711; 505; 57566.363795; 50783.547514;
150439064640000034638889; ../../ALL_tsp/pcb442.tsp; MPI; 8; 345.093994; 331.687256; 13.137207; 5.805420; 513; 55574.369587; 50783.547514;
1504390647276000042119525; ../../ALL_tsp/pcb442.tsp; OpenMP; 8; 339.241943; 331.062012; 8.100586; 6.293457; 497; 55805.365648; 50783.547514;
150439064825000081425600; ../../ALL_tsp/pcb442.tsp; MPI; 16; 192.972168; 176.554688; 15.843262; 6.166016; 505; 57248.870047; 50783.547514;
1504390648326000072756467; ../../ALL_tsp/pcb442.tsp; OpenMP; 16; 195.622070; 174.296143; 21.219238; 6.406982; 497; 57257.792311; 50783.547514;
1504390650184000081699437; ../../ALL_tsp/pcb442.tsp; MPI; 1; 1804.091064; 1799.594971; 4.323242; 3.955078; 505; 57248.870047; 50783.547514;
1504390652168000033479404; ../../ALL_tsp/pcb442.tsp; OpenMP; 1; 1682.243164; 1678.301025; 3.879395; 3.750732; 517; 55979.424579; 50783.547514;
150439065399000053629223; ../../ALL_tsp/pcb442.tsp; MPI; 2; 940.060791; 931.242432; 8.678955; 4.108643; 505; 56753.614470; 50783.547514;
1504390654198000061726309; ../../ALL_tsp/pcb442.tsp; OpenMP; 2; 989.112061; 976.288086; 12.741211; 5.088379; 501; 56654.034830; 50783.547514;
150439065561000020612925; ../../ALL_tsp/pcb442.tsp; MPI; 4; 566.760986; 556.275879; 10.291260; 4.891113; 503; 57590.830880; 50783.547514;
1504390656213000064264644; ../../ALL_tsp/pcb442.tsp; OpenMP; 4; 531.750000; 523.724854; 7.921631; 4.970947; 502; 55263.908285; 50783.547514;
150439065739000021143122; ../../ALL_tsp/pcb442.tsp; MPI; 8; 336.434082; 323.792480; 12.398438; 5.735840; 509; 55830.846246; 50783.547514;
1504390657287000083625100; ../../ALL_tsp/pcb442.tsp; OpenMP; 8; 353.420166; 341.938721; 11.410156; 6.397949; 517; 56742.759712; 50783.547514;
150439065828000083917108; ../../ALL_tsp/pcb442.tsp; MPI; 16; 206.899902; 191.573242; 14.822021; 6.636963; 516; 55989.310146; 50783.547514;
1504390659333000085247758; ../../ALL_tsp/pcb442.tsp; OpenMP; 16; 202.878174; 167.594482; 35.187744; 6.111572; 487; 56791.311474; 50783.547514;
1504390661175000038101069; ../../ALL_tsp/pcb442.tsp; MPI; 1; 1722.694092; 1718.458740; 4.070312; 3.761963; 499; 55279.425128; 50783.547514;
1504390662167000076876311; ../../ALL_tsp/pcb442.tsp; OpenMP; 1; 1673.279053; 1669.311768; 3.912598; 3.778809; 523; 56761.478882; 50783.547514;
1504390664970000825240; ../../ALL_tsp/pcb442.tsp; MPI; 2; 921.855957; 913.269043; 8.458496; 4.064941; 511; 57238.079946; 50783.547514;
1504390665196000031103732; ../../ALL_tsp/pcb442.tsp; OpenMP; 2; 980.923828; 914.899902; 65.967529; 4.594238; 500; 55631.703769; 50783.547514;
15043906666200000772; ../../ALL_tsp/pcb442.tsp; MPI; 4; 568.203857; 558.414551; 9.602539; 4.926025; 511; 55707.171539; 50783.547514;
150439066623900008709179; ../../ALL_tsp/pcb442.tsp; OpenMP; 4; 595.368896; 521.790039; 73.500732; 5.276367; 503; 56592.166911; 50783.547514;
150439066741000019619914; ../../ALL_tsp/pcb442.tsp; MPI; 8; 354.143066; 340.244385; 13.651123; 6.011230; 500; 57369.123658; 50783.547514;
1504390668294000030122421; ../../ALL_tsp/pcb442.tsp; OpenMP; 8; 357.804932; 348.987305; 8.621826; 6.841553; 513; 55664.893671; 50783.547514;
150439066930000023397440; ../../ALL_tsp/pcb442.tsp; MPI; 16; 227.343994; 208.724121; 17.971436; 7.311523; 508; 56352.792767; 50783.547514;
1504390669353000010753822; ../../ALL_tsp/pcb442.tsp; OpenMP; 16; 210.761963; 190.970947; 19.602051; 7.113281; 507; 55275.536224; 50783.547514;
1504390671178000023634971; ../../ALL_tsp/pcb442.tsp; MPI; 1; 1743.910889; 1739.509766; 4.233398; 3.946777; 509; 56379.376395; 50783.547514;
150439067317000006443725; ../../ALL_tsp/pcb442.tsp; OpenMP; 1; 1703.908203; 1699.791504; 4.065430; 3.919189; 503; 55802.691505; 50783.547514;
1504390674102000013645513; ../../ALL_tsp/pcb442.tsp; MPI; 2; 977.697021; 971.000244; 6.556396; 4.201904; 522; 57361.781764; 50783.547514;
150439067518900005710735; ../../ALL_tsp/pcb442.tsp; OpenMP; 2; 945.527100; 939.832520; 5.645020; 4.583740; 493; 55823.474927; 50783.547514;
15043906766100009598826; ../../ALL_tsp/pcb442.tsp; MPI; 4; 555.531982; 544.652344; 10.681641; 4.835693; 489; 56712.361815; 50783.547514;
1504390677215000061253038; ../../ALL_tsp/pcb442.tsp; OpenMP; 4; 536.706055; 530.135254; 6.488525; 5.080566; 504; 55487.090881; 50783.547514;
15043906784000003140962; ../../ALL_tsp/pcb442.tsp; MPI; 8; 350.489014; 337.164307; 13.070801; 5.873779; 521; 54868.357608; 50783.547514;
150439067828100001625670; ../../ALL_tsp/pcb442.tsp; OpenMP; 8; 349.910889; 341.481201; 8.280029; 6.452393; 504; 55399.049743; 50783.547514;
150439067928000049917834; ../../ALL_tsp/pcb442.tsp; MPI; 16; 211.333008; 194.809570; 15.880859; 6.795654; 523; 55431.146168; 50783.547514;
1504390680361000065290680; ../../ALL_tsp/pcb442.tsp; OpenMP; 16; 213.895996; 182.166260; 31.571777; 6.820068; 517; 56114.770965; 50783.547514;
150439068217300006115873; ../../ALL_tsp/pcb442.tsp; MPI; 1; 1687.411133; 1683.259766; 3.998535; 3.714111; 501; 56482.936124; 50783.547514;
1504390683159000039811798; ../../ALL_tsp/pcb442.tsp; OpenMP; 1; 1590.747070; 1586.875732; 3.818359; 3.685059; 494; 57243.625245; 50783.547514;
150439068510300007617744; ../../ALL_tsp/pcb442.tsp; MPI; 2; 975.284912; 966.773193; 8.370605; 4.261719; 519; 55061.981048; 50783.547514;
1504390686208000096154809; ../../ALL_tsp/pcb442.tsp; OpenMP; 2; 1040.041992; 987.807617; 52.176514; 5.074463; 534; 54941.527500; 50783.547514;
15043906875900009016558; ../../ALL_tsp/pcb442.tsp; MPI; 4; 530.241943; 520.214111; 9.848877; 4.473877; 501; 55865.926604; 50783.547514;
1504390687231000058715675; ../../ALL_tsp/pcb442.tsp; OpenMP; 4; 576.604980; 562.336914; 14.178711; 5.611084; 497; 56565.971212; 50783.547514;
150439068840000097611007; ../../ALL_tsp/pcb442.tsp; MPI; 8; 350.700195; 337.373535; 13.061035; 6.009766; 487; 57296.906002; 50783.547514;
150439068924900008935062; ../../ALL_tsp/pcb442.tsp; OpenMP; 8; 310.322998; 302.254395; 7.978271; 6.177979; 509; 55758.289155; 50783.547514;
150439069029000094288217; ../../ALL_tsp/pcb442.tsp; MPI; 16; 210.656006; 191.212402; 18.936523; 6.535889; 504; 57569.523407; 50783.547514;
1504390690453000099721971; ../../ALL_tsp/pcb442.tsp; OpenMP; 16; 266.106934; 129.406006; 136.587646; 4.729492; 508; 56000.601098; 50783.547514;
1504390692169000094514799; ../../ALL_tsp/pcb442.tsp; MPI; 1; 1665.957031; 1661.886230; 3.915771; 3.646484; 504; 57569.523407; 50783.547514;
1504390694167000019296317; ../../ALL_tsp/pcb442.tsp; OpenMP; 1; 1675.314941; 1671.368896; 3.884766; 3.737549; 494; 57198.428984; 50783.547514;
1504390695103000055493822; ../../ALL_tsp/pcb442.tsp; MPI; 2; 976.000977; 884.655273; 91.190918; 3.835938; 508; 56713.465589; 50783.547514;
1504390696200000035610819; ../../ALL_tsp/pcb442.tsp; OpenMP; 2; 1001.884033; 898.273682; 103.546875; 4.633057; 516; 55150.811172; 50783.547514;
150439069760000061499192; ../../ALL_tsp/pcb442.tsp; MPI; 4; 546.970947; 537.245361; 9.531982; 4.720215; 500; 55060.227197; 50783.547514;
1504390698214000033136968; ../../ALL_tsp/pcb442.tsp; OpenMP; 4; 532.416992; 526.092529; 6.241211; 5.094727; 503; 57311.435147; 50783.547514;
15043906993900002117533; ../../ALL_tsp/pcb442.tsp; MPI; 8; 342.380859; 328.922607; 13.203613; 5.737305; 514; 56496.719026; 50783.547514;
1504390699277000094482156; ../../ALL_tsp/pcb442.tsp; OpenMP; 8; 343.908936; 326.521973; 17.262695; 6.203125; 496; 54863.151165; 50783.547514;
150439070031000067766787; ../../ALL_tsp/pcb442.tsp; MPI; 16; 245.883057; 227.866943; 17.405273; 7.770752; 532; 55543.894472; 50783.547514;
1504390701363000050145655; ../../ALL_tsp/pcb442.tsp; OpenMP; 16; 215.800049; 167.521484; 48.175781; 6.302490; 505; 57411.149571; 50783.547514;
1504390702171000037982425; ../../ALL_tsp/pcb442.tsp; MPI; 1; 1680.323975; 1676.205811; 3.977051; 3.676514; 498; 57232.564552; 50783.547514;
1504390704166000042755967; ../../ALL_tsp/pcb442.tsp; OpenMP; 1; 1661.377930; 1657.387695; 3.939453; 3.776123; 518; 55045.900394; 50783.547514;
150439070595000082884587; ../../ALL_tsp/pcb442.tsp; MPI; 2; 909.251953; 901.151367; 7.936523; 3.883301; 502; 57202.865022; 50783.547514;
150439070619800007985348; ../../ALL_tsp/pcb442.tsp; OpenMP; 2; 986.366943; 979.754883; 6.550049; 5.326416; 503; 55805.794731; 50783.547514;
150439070760000060878036; ../../ALL_tsp/pcb442.tsp; MPI; 4; 554.354004; 544.345947; 9.808105; 4.965332; 506; 55894.053027; 50783.547514;
1504390708243000061600140; ../../ALL_tsp/pcb442.tsp; OpenMP; 4; 605.163818; 597.023438; 8.048096; 5.830078; 516; 56717.532318; 50783.547514;
150439070939000028501566; ../../ALL_tsp/pcb442.tsp; MPI; 8; 346.566895; 332.806641; 13.511475; 5.904541; 499; 56749.464094; 50783.547514;
150439071032100002030559; ../../ALL_tsp/pcb442.tsp; OpenMP; 8; 404.306152; 299.259277; 104.859619; 5.809326; 500; 56266.443934; 50783.547514;
150439071128000061283308; ../../ALL_tsp/pcb442.tsp; MPI; 16; 216.435059; 197.000000; 18.847168; 6.697998; 504; 57916.471252; 50783.547514;
1504390711347000041633473; ../../ALL_tsp/pcb442.tsp; OpenMP; 16; 208.335938; 170.075439; 38.125244; 6.312500; 497; 55912.713151; 50783.547514;
1504390713175000061485548; ../../ALL_tsp/pcb442.tsp; MPI; 1; 1717.085205; 1712.865723; 4.062256; 3.766357; 501; 57935.298541; 50783.547514;
1504390715160000065191838; ../../ALL_tsp/pcb442.tsp; OpenMP; 1; 1600.798828; 1596.996826; 3.745850; 3.603027; 496; 56465.538023; 50783.547514;
150439071610100006381968; ../../ALL_tsp/pcb442.tsp; MPI; 2; 958.670898; 945.521973; 12.975586; 4.126709; 506; 56819.534426; 50783.547514;
1504390717202000069483943; ../../ALL_tsp/pcb442.tsp; OpenMP; 2; 1008.958984; 904.082031; 104.812012; 4.520020; 515; 55685.802305; 50783.547514;
150439071860000064384000; ../../ALL_tsp/pcb442.tsp; MPI; 4; 547.115967; 536.701904; 10.257080; 4.678223; 505; 56315.572360; 50783.547514;
150439071924200006103370; ../../ALL_tsp/pcb442.tsp; OpenMP; 4; 603.609863; 595.661865; 7.838379; 6.137451; 517; 55516.098898; 50783.547514;
1504390720410000147018; ../../ALL_tsp/pcb442.tsp; MPI; 8; 351.707031; 337.804199; 13.663818; 5.899902; 510; 55318.602276; 50783.547514;
1504390720287000093494414; ../../ALL_tsp/pcb442.tsp; OpenMP; 8; 351.263184; 343.269775; 7.905518; 6.516113; 510; 56425.605845; 50783.547514;
150439072130000023765665; ../../ALL_tsp/pcb442.tsp; MPI; 16; 231.102051; 213.864502; 16.571045; 7.239014; 501; 56492.026751; 50783.547514;
1504390722416000064158841; ../../ALL_tsp/pcb442.tsp; OpenMP; 16; 247.829102; 164.097412; 83.586914; 6.088867; 499; 56746.779241; 50783.547514;
150439072418000003057995; ../../ALL_tsp/pcb442.tsp; MPI; 1; 1759.567139; 1755.162109; 4.243652; 3.928955; 523; 55623.936776; 50783.547514;
1504390725167000074834846; ../../ALL_tsp/pcb442.tsp; OpenMP; 1; 1671.341064; 1667.458008; 3.833008; 3.700928; 505; 57908.176672; 50783.547514;
150439072710100005623925; ../../ALL_tsp/pcb442.tsp; MPI; 2; 956.187012; 946.617676; 9.413086; 4.147461; 518; 56463.200016; 50783.547514;
1504390728196000096115810; ../../ALL_tsp/pcb442.tsp; OpenMP; 2; 976.705078; 957.419678; 19.228760; 4.628174; 513; 55792.508560; 50783.547514;
1504390729610000985551; ../../ALL_tsp/pcb442.tsp; MPI; 4; 560.250000; 549.979004; 10.101074; 4.869873; 509; 56752.132464; 50783.547514;
1504390729235000040704846; ../../ALL_tsp/pcb442.tsp; OpenMP; 4; 587.316895; 580.031250; 7.194092; 5.648438; 496; 55996.052458; 50783.547514;
150439073041000030611653; ../../ALL_tsp/pcb442.tsp; MPI; 8; 363.791992; 349.355957; 14.168945; 6.281006; 499; 55655.712550; 50783.547514;
150439073124500008233694; ../../ALL_tsp/pcb442.tsp; OpenMP; 8; 304.004150; 296.339111; 7.579346; 5.675293; 499; 55651.907895; 50783.547514;
150439073227000021287202; ../../ALL_tsp/pcb442.tsp; MPI; 16; 208.793945; 193.072510; 15.100342; 6.652344; 507; 56527.901520; 50783.547514;
1504390732445000096727005; ../../ALL_tsp/pcb442.tsp; OpenMP; 16; 277.133789; 123.069824; 153.992188; 4.492188; 513; 56381.467633; 50783.547514;
1504390734178000021613493; ../../ALL_tsp/pcb442.tsp; MPI; 1; 1753.881836; 1749.648682; 4.076660; 3.779785; 509; 56707.226949; 50783.547514;
1504390736163000022445475; ../../ALL_tsp/pcb442.tsp; OpenMP; 1; 1626.314209; 1622.440918; 3.811035; 3.669189; 495; 57274.309727; 50783.547514;
1504390737104000017660194; ../../ALL_tsp/pcb442.tsp; MPI; 2; 991.860107; 981.552734; 10.150391; 4.408203; 526; 54540.977040; 50783.547514;
1504390738193000036737108; ../../ALL_tsp/pcb442.tsp; OpenMP; 2; 966.474854; 961.024902; 5.372803; 4.652100; 516; 55475.925424; 50783.547514;
150439073961000033636624; ../../ALL_tsp/pcb442.tsp; MPI; 4; 558.573975; 547.861328; 10.537109; 4.700439; 512; 56668.917144; 50783.547514;
1504390740230000035332266; ../../ALL_tsp/pcb442.tsp; OpenMP; 4; 574.474121; 567.667969; 6.716797; 5.424561; 491; 55259.259305; 50783.547514;
150439074142000031249629; ../../ALL_tsp/pcb442.tsp; MPI; 8; 372.512939; 357.736328; 14.518555; 6.213867; 521; 54987.432456; 50783.547514;
1504390741289000011740288; ../../ALL_tsp/pcb442.tsp; OpenMP; 8; 352.051025; 318.488037; 33.425537; 6.168213; 493; 56235.291648; 50783.547514;
15043907433000006317129; ../../ALL_tsp/pcb442.tsp; MPI; 16; 232.284912; 206.627686; 25.089355; 7.106689; 487; 56398.805589; 50783.547514;
1504390743361000073373971; ../../ALL_tsp/pcb442.tsp; OpenMP; 16; 209.854004; 175.924805; 33.817871; 6.862061; 501; 57157.754102; 50783.547514;
15043911396945000067362875; ../../ALL_tsp/pr2392.tsp; MPI; 4; 69375.363037; 69178.794678; 195.425537; 106.054932; 3288; 421682.442849; 378062.826191;
150439120827774000093933018; ../../ALL_tsp/pr2392.tsp; OpenMP; 4; 69413.890137; 69038.968262; 374.399170; 113.056396; 3262; 425130.924922; 378062.826191;
15043912453597000055446723; ../../ALL_tsp/pr2392.tsp; MPI; 8; 35907.289795; 35562.054932; 343.687744; 109.593262; 3283; 418870.007283; 378062.826191;
150439128128781000070512204; ../../ALL_tsp/pr2392.tsp; OpenMP; 8; 35964.239990; 35694.099365; 269.612793; 114.649658; 3253; 427804.576895; 378062.826191;
1504391302195800003681663; ../../ALL_tsp/pr2392.tsp; MPI; 16; 19486.537109; 19287.943359; 195.957520; 118.062744; 3322; 424772.934880; 378062.826191;
150439132131508000037906871; ../../ALL_tsp/pr2392.tsp; OpenMP; 16; 19667.832031; 19415.343018; 251.759277; 123.833008; 3302; 423654.774552; 378062.826191;
15043913906831000059459341; ../../ALL_tsp/pr2392.tsp; MPI; 4; 68245.586182; 68091.760742; 152.780273; 104.731934; 3219; 426955.812320; 378062.826191;
150439147031892000067311988; ../../ALL_tsp/pr2392.tsp; OpenMP; 4; 79709.613037; 79570.201660; 138.875000; 116.498291; 3336; 414684.975062; 378062.826191;
15043915083737000053238174; ../../ALL_tsp/pr2392.tsp; MPI; 8; 37300.634033; 35333.820312; 1965.535889; 109.688232; 3243; 426135.139374; 378062.826191;
150439154429282000021957346; ../../ALL_tsp/pr2392.tsp; OpenMP; 8; 36587.270996; 36409.262695; 177.661133; 116.765625; 3299; 420253.146791; 378062.826191;
1504391565194800006458594; ../../ALL_tsp/pr2392.tsp; MPI; 16; 19404.321045; 19207.370605; 194.586670; 116.719238; 3304; 424772.897941; 378062.826191;
150439158531056000031215470; ../../ALL_tsp/pr2392.tsp; OpenMP; 16; 19390.729980; 19193.403564; 196.732910; 122.994873; 3283; 422545.175248; 378062.826191;
1504392711112671000046920968; ../../ALL_tsp/rl5915.tsp; MPI; 4; 1126398.568115; 1122504.520264; 3888.077637; 711.606934; 8975; 650221.031052; 0.000000;
1504393837450420000040952102; ../../ALL_tsp/rl5915.tsp; OpenMP; 4; 1125766.653076; 1118980.732178; 6783.615234; 752.723633; 8923; 650108.115243; 0.000000;
150439442158267000046257461; ../../ALL_tsp/rl5915.tsp; MPI; 8; 582465.968018; 578837.270264; 3623.829834; 735.994873; 9014; 635897.541166; 0.000000;
1504395004466712000071750389; ../../ALL_tsp/rl5915.tsp; OpenMP; 8; 583236.606934; 581209.092773; 2025.358154; 765.397949; 8959; 645165.798995; 0.000000;
150439531430857000073393600; ../../ALL_tsp/rl5915.tsp; MPI; 16; 308415.110107; 306304.789307; 2101.707031; 779.032471; 8976; 647169.862558; 0.000000;
1504395623494657000082729842; ../../ALL_tsp/rl5915.tsp; OpenMP; 16; 309124.906982; 307510.679443; 1611.951660; 809.718750; 8967; 645447.420824; 0.000000;
150439674811244200004278217; ../../ALL_tsp/rl5915.tsp; MPI; 4; 1124100.142090; 1122142.126221; 1953.007080; 710.574463; 8972; 638414.702525; 0.000000;
1504397880452900000093466395; ../../ALL_tsp/rl5915.tsp; OpenMP; 4; 1131966.436035; 1130401.672119; 1562.129150; 786.507568; 9047; 635327.985760; 0.000000;
150439845857776000047696455; ../../ALL_tsp/rl5915.tsp; MPI; 8; 577556.643066; 574640.966797; 2910.020508; 735.360107; 8942; 651060.643167; 0.000000;
150439904446885100003847337; ../../ALL_tsp/rl5915.tsp; OpenMP; 8; 585913.406006; 581080.851807; 4830.731201; 768.415771; 9056; 638730.840585; 0.000000;
150439935530936000079286727; ../../ALL_tsp/rl5915.tsp; MPI; 16; 309183.819092; 307068.149170; 2106.212646; 774.049561; 9000; 643001.203915; 0.000000;
15043996674985420000095395; ../../ALL_tsp/rl5915.tsp; OpenMP; 16; 311538.583984; 309815.537842; 1721.505127; 813.059326; 9010; 639857.140755; 0.000000;
15043911396945000067362875; ../../ALL_tsp/pr2392.tsp; MPI; 4; 69375.363037; 69178.794678; 195.425537; 106.054932; 3288; 421682.442849; 378062.826191;
150439120827774000093933018; ../../ALL_tsp/pr2392.tsp; OpenMP; 4; 69413.890137; 69038.968262; 374.399170; 113.056396; 3262; 425130.924922; 378062.826191;
15043912453597000055446723; ../../ALL_tsp/pr2392.tsp; MPI; 8; 35907.289795; 35562.054932; 343.687744; 109.593262; 3283; 418870.007283; 378062.826191;
150439128128781000070512204; ../../ALL_tsp/pr2392.tsp; OpenMP; 8; 35964.239990; 35694.099365; 269.612793; 114.649658; 3253; 427804.576895; 378062.826191;
1504391302195800003681663; ../../ALL_tsp/pr2392.tsp; MPI; 16; 19486.537109; 19287.943359; 195.957520; 118.062744; 3322; 424772.934880; 378062.826191;
150439132131508000037906871; ../../ALL_tsp/pr2392.tsp; OpenMP; 16; 19667.832031; 19415.343018; 251.759277; 123.833008; 3302; 423654.774552; 378062.826191;
15043913906831000059459341; ../../ALL_tsp/pr2392.tsp; MPI; 4; 68245.586182; 68091.760742; 152.780273; 104.731934; 3219; 426955.812320; 378062.826191;
150439147031892000067311988; ../../ALL_tsp/pr2392.tsp; OpenMP; 4; 79709.613037; 79570.201660; 138.875000; 116.498291; 3336; 414684.975062; 378062.826191;
15043915083737000053238174; ../../ALL_tsp/pr2392.tsp; MPI; 8; 37300.634033; 35333.820312; 1965.535889; 109.688232; 3243; 426135.139374; 378062.826191;
150439154429282000021957346; ../../ALL_tsp/pr2392.tsp; OpenMP; 8; 36587.270996; 36409.262695; 177.661133; 116.765625; 3299; 420253.146791; 378062.826191;
1504391565194800006458594; ../../ALL_tsp/pr2392.tsp; MPI; 16; 19404.321045; 19207.370605; 194.586670; 116.719238; 3304; 424772.897941; 378062.826191;
150439158531056000031215470; ../../ALL_tsp/pr2392.tsp; OpenMP; 16; 19390.729980; 19193.403564; 196.732910; 122.994873; 3283; 422545.175248; 378062.826191;

